idx,lat,lon,type,PM25mean,PM25mean_overlap,PM25_yhat_mean_overlap
111121,37.5643,126.9747,city,19.320860906673264,21.024377593360995,21.23375
131111,37.2838,127.0105,city,16.7367316711923,20.633246753246752,20.878301298701295
221112,35.0999,129.0305,city,15.287692038086336,17.55519348268839,17.685674134419553
238501,35.5438,128.4905,city,16.481576642335767,18.032453483340547,18.201903937689313
238511,35.5675,128.1654,city,17.619494290375204,19.13344453711426,19.291484570475397
324115,35.1458,126.9233,city,15.551612903225806,17.515700483091788,17.619915458937196
324121,35.1549,126.8885,city,17.418670605613,19.114622057001238,19.279603469640644
324124,35.099,126.8961,city,16.224072451066316,19.100757134536984,19.34938264414677
324125,35.1619,126.8442,city,17.98518388381354,19.560991105463785,19.83612452350699
324133,35.1739,126.9322,city,15.338034790785144,16.149379932356258,16.306025930101466
324136,35.2181,126.8924,city,15.293214202289183,16.59365466748017,16.76496034167175
324142,35.2044,126.8078,city,16.34623718887262,17.63235294117647,17.734592760180995
324143,35.1576,126.8101,city,17.957268954229264,19.776383342840845,19.94074158585282
324148,35.1238,126.7696,city,19.056633547632963,21.502880184331797,21.742165898617507
324155,35.1319,126.8933,city,18.31008071643198,20.18216318785579,20.372087286527513
335115,35.8287,127.148,city,17.0735368956743,17.691039032435405,17.83046728971963
336111,34.806,126.3916,city,12.746356738528243,13.8326458456099,13.952091926929876
336112,34.8043,126.4346,city,13.7483189844781,17.881653099561678,18.042955541640577
336121,34.7411,127.726,city,13.466623191842542,15.280523255813954,15.401632751937985
336124,34.8502,127.7246,city,16.256515598921556,17.619450317124734,17.979508456659616
336125,34.7546,127.7029,city,14.311493212669683,15.6489898989899,15.783909932659933
336127,34.7774,127.6524,city,13.930668175246716,15.400579150579151,15.559276061776062
336128,34.7539,127.7468,city,14.322936660268716,16.665963431786217,16.97483122362869
336131,34.9476,127.4891,city,12.502866758070548,13.44997651479568,13.575335838421795
336132,34.9471,127.5186,city,14.084823151125402,14.584704743465634,14.782715392061954
336133,34.8855,127.5098,city,11.387923742598735,10.982526210683973,11.202346480279582
336134,34.8935,127.573,city,16.223226703755216,16.745923198316675,17.01593897948448
336135,34.9364,127.5484,city,13.283528905818024,12.725390984360626,12.895887764489421
336141,35.0217,126.7904,city,16.139835858585858,17.877518557794275,18.08166489925769
336151,35.321,126.9882,city,17.00794892658196,17.75793857365955,17.891353461738678
336161,35.3032,126.7854,city,16.878177309361437,17.816901408450704,18.027488262910797
336221,34.6857,127.5975,city,14.002935115218884,15.640487804878049,15.65988780487805
336222,34.8819,127.5788,city,14.50692225772098,18.600820933812212,18.795325808106725
336223,34.825,127.7318,city,15.03102178390862,22.208854166666665,22.32159375
336352,34.9399,127.6977,city,14.706765111951498,16.76392823418319,16.989693106704436
336353,34.9419,127.7571,city,13.132022126613398,15.976377952755906,16.248267716535434
336355,34.9808,127.5823,city,14.6241932509681,14.53425925925926,14.651893518518518
336361,34.5652,126.5992,city,14.22330658105939,16.45289256198347,16.602539944903583
336441,34.7574,126.4527,city,19.56039732749956,22.307022318998367,22.485982580293957
336442,34.8075,126.7006,city,15.102486856872822,17.058079355951698,17.270385278895915
336452,35.0653,126.9859,city,13.677903078329775,13.264837625979844,13.459585666293393
336461,35.278,126.512,city,20.861469398077897,21.93621507643648,22.151887190300474
336471,34.675,126.9067,city,15.36039833822092,15.875555555555556,16.089120987654322
336481,34.4793,126.2688,city,12.181135790315636,13.591252699784016,13.751879049676026
336491,34.3344,126.8286,city,12.241160645657189,14.556962025316455,14.608870886075948
336501,35.0621,126.5228,city,14.577008194269991,16.28488982161595,16.402030430220357
336511,34.6063,127.2807,city,13.691192660550458,14.742309631870903,14.89145234493192
336521,34.7555,126.1261,city,13.14621067683508,13.826511912034208,13.846102626756261
336531,34.9905,126.4765,city,16.042190092438968,17.46382092660073,17.62540864133264
336541,34.6446,126.7707,city,14.219998687750149,15.556636155606407,15.72238558352403
336551,35.2833,127.2899,city,14.781843083545294,14.500819224467504,14.622637902785364
336561,35.2157,127.461,city,11.552955295529554,12.688646504709965,12.814938026772435
336571,34.8415,127.347,city,12.475878936105168,13.63138686131387,13.813759124087591
336572,34.7649,127.0782,city,15.129190715952353,17.384890250127615,17.543634507401734
339111,33.5001,126.5324,city,14.640620286007362,15.493315508021391,15.698977272727271
339112,33.4886,126.5001,city,15.450149991176987,16.703754266211604,16.854361774744028
339113,33.5379,126.6424,city,15.056475813227705,15.848151062155782,15.933910306845004
339114,33.4094,126.2681,city,14.977347833924172,15.570044052863436,15.736079295154186
339121,33.2465,126.5653,city,12.172260337474505,12.63906390639064,12.765220522052205
339122,33.4602,126.9101,city,14.493774930496796,15.38711776187378,15.442413793103446
339123,33.2843,126.7149,city,12.273259321829372,13.776545166402535,13.918993660855785
339131,33.2279,126.2475,city,14.104679064187165,14.726298433635614,14.758647980214345
422114,35.8743,128.5841,city,17.606271777003485,19.554078826764435,19.67994500458295
422115,35.8305,128.6316,city,15.502628811777075,17.8845818815331,18.06384581881533
422121,35.8691,128.711,city,18.03304235749019,19.076785714285716,19.200160714285715
422132,35.8696,128.5453,city,18.175988766674468,20.348607367475292,20.541221922731353
422141,35.8455,128.5711,city,17.277385055792486,19.100314889788574,19.18651372019793
422154,35.8898,128.6331,city,16.161669984775735,18.95229097779877,19.08695323571091
422155,35.923,128.5507,city,14.81753347238108,16.352354570637118,16.460598337950138
422158,35.8933,128.6021,city,16.120035046728972,18.783947736817545,18.910741950536632
422161,35.8653,128.64,city,16.614448669201522,19.019056261343014,19.230830308529946
422171,35.8379,128.4887,city,17.27526132404181,18.297243107769425,18.514761904761908
422201,35.7,128.46,city,15.87583250906693,17.68864864864865,17.830216216216215
422203,35.8376,128.6976,city,16.687323612417686,18.69314236111111,18.874227430555557
422204,35.8167,128.5287,city,18.3617108659939,19.95381801554641,20.085614997713765
422205,35.8649,128.4572,city,16.961441485763483,17.755777072949705,17.907557770729497
422206,35.8344,128.5411,city,18.891599716446123,20.052126200274348,20.26081390032007
422207,35.859,128.5519,city,18.671092653252224,19.552393857271905,19.79619241192412
422208,35.8876,128.5844,city,17.97780244173141,20.128671328671327,20.337254079254077
422209,35.7973,128.505,city,15.979983612314175,18.83865168539326,19.047779775280897
437112,35.9802,129.3748,city,16.97228595580244,17.578180212014136,17.688193462897523
437113,36.0707,129.3803,city,14.26322471434617,14.46911196911197,14.660173745173743
437114,36.0188,129.3658,city,15.968925717667949,17.2322340919647,17.36762192289828
437115,35.9684,129.36,city,15.30637386181039,16.417029511369133,16.565244315432995
437116,35.9631,129.3768,city,19.115942028985508,19.331954022988505,19.557719540229886
437117,36.0301,129.3756,city,18.09088153267855,20.140904311251315,20.274069400630914
437118,35.9668,129.4087,city,17.31003002267018,19.26808905380334,19.352305194805194
437119,35.9974,129.4054,city,20.42289481570273,22.244836272040303,22.420962216624684
437120,35.9963,129.3522,city,18.80930794802055,19.815592903828197,20.02698412698413
437121,35.99,129.3977,city,21.712815896083853,21.441350710900473,21.580983412322272
437122,35.8507,129.2076,city,17.821844334735175,17.911403907314856,18.016006360745116
437123,35.8351,129.287,city,14.169232598228616,15.402471315092674,15.533508384819068
437124,35.9907,129.227,city,17.387499264316403,19.151813471502592,19.40063212435233
437125,35.7157,129.3236,city,17.412714193812505,18.910250569476084,19.055804100227792
437131,36.1206,128.1161,city,17.96589047507606,17.891014234875446,17.957255338078294
437132,36.1441,128.1372,city,18.75794740374641,18.672358591248667,18.87974386339381
437133,36.1215,128.1839,city,16.136898462304675,16.525345622119815,16.692824884792625
437141,36.5683,128.728,city,16.553284584032607,18.225460780111444,18.422751821688813
437151,36.1019,128.3858,city,21.535196195005945,22.708959088555154,22.85525634386328
437152,36.1308,128.3258,city,20.243910297718777,22.031562335612836,22.09546554445029
437153,36.1108,128.3386,city,20.46647143198661,22.985955056179776,23.120889513108615
437154,36.1372,128.4394,city,16.65600236546422,19.18009708737864,19.31966019417476
437156,36.1061,128.4188,city,20.078825347758887,19.75414364640884,19.89617403314917
437161,36.8212,128.6132,city,20.92735294117647,22.709066901408452,22.82106954225352
437162,36.8287,128.6262,city,24.17341343910406,25.466551575312906,25.54163141993958
437171,35.825,128.7433,city,17.49861675201601,19.72661870503597,19.932742805755396
437172,35.9126,128.8145,city,18.73816155988857,21.379873073436084,21.594542157751587
437181,36.4289,128.1578,city,21.12556146776312,20.924050632911392,21.092039381153306
437191,35.9907,128.4185,city,20.783552451383184,21.595827268316352,21.78683163512858
437201,36.4201,129.3638,city,13.162326287516056,14.96229379418696,15.066174391201887
437203,36.5375,129.4072,city,14.593915729354858,15.34793388429752,15.425061983471078
437211,36.5868,128.1862,city,16.171387366599365,16.722692462716648,16.86390971382507
437221,35.9175,128.2901,city,18.955646113867235,20.091652323580035,20.210395869191046
437402,35.9729,128.9378,city,18.87139935728893,19.586404586404587,19.70231367731368
437412,36.3527,128.697,city,15.292794886693782,16.523372287145243,16.613071786310517
437421,36.9972,129.4029,city,14.169038730751284,13.35752688172043,13.557043010752688
437431,37.0486,129.0653,city,13.464003256571296,14.541356492969395,14.675922249793219
437432,36.8927,128.7316,city,13.277177269919704,11.142541436464088,11.141591160220994
437542,37.4841,130.9056,city,12.041602248770204,13.534860557768924,13.49231075697211
437551,35.7262,128.2817,city,16.861120964881163,17.376554174067497,17.5314431616341
437561,36.2379,128.5746,city,13.818129330254042,15.021045485403938,15.139864222674817
437571,36.6667,129.1124,city,14.31149059334298,13.626287597857438,13.72645241038319
437581,36.5768,128.4732,city,17.697916666666668,18.23725411481333,18.43872340425532
437591,35.6498,128.7063,city,17.69385210944164,18.314856883234892,18.562621535665606
525111,36.3728,127.4172,city,18.81031329281964,21.986506746626688,22.100899550224888
525112,36.4469,127.4047,city,19.465673043070066,20.834268230494647,20.911682814890362
525121,36.3161,127.4378,city,16.430781175346393,16.67447306791569,16.793316159250587
525141,36.3724,127.3739,city,18.047793249940995,18.91947926711668,19.026803278688522
525142,36.3682,127.3185,city,18.2465499246202,19.3218009478673,19.41951184834123
525143,36.3352,127.3345,city,16.3857930549038,17.026429601153293,17.19600192215281
525144,36.4252,127.3959,city,18.515676615473776,20.703553299492384,20.91525888324873
525161,36.3444,127.4372,city,17.525772580837607,19.43063872255489,19.545474051896207
525162,36.3025,127.4601,city,16.54697092551836,18.026532479414456,18.16364592863678
525171,36.3045,127.3667,city,16.620440156768165,16.113886113886114,16.221733266733263
525172,36.3544,127.3835,city,16.75903971547125,18.13156626506024,18.23471807228916
533112,36.6447,127.4368,city,20.50147808038241,21.45186136071887,21.54195763799743
533113,36.6661,127.4749,city,23.35204081632653,25.22641509433962,25.39035966981132
533114,36.6358,127.5036,city,18.880940988835725,20.73541167066347,20.907402078337334
533115,36.6088,127.5013,city,22.48241327300151,24.733007069059273,24.95531810766721
534111,36.8143,127.1521,city,20.949522342064714,22.92184265010352,23.04383022774327
534112,36.8251,127.1106,city,20.59196528555432,21.654645476772615,21.961491442542787
534115,36.8834,127.2074,city,23.365419734904272,27.493048128342245,27.827786096256688
534116,36.7844,127.1229,city,23.982097787169103,23.856490872210955,24.046227180527385
534342,36.447,127.1192,city,21.675201040681173,23.050298804780876,23.24285856573705
534343,36.3086,127.0671,city,21.663423183851084,22.63945205479452,22.852849315068497
534411,36.2755,126.9113,city,18.303339688787748,18.472267097469036,18.62138395261174
534421,36.9897,126.3853,city,14.42474361254372,14.573536191793453,14.797422775472569
534422,36.7799,126.4561,city,20.16681892928924,18.848073792729245,18.968138903960934
534423,36.938,126.4339,city,16.956039392501186,13.240776699029126,13.446859223300972
534424,36.8391,126.4609,city,18.13400464756003,18.01029810298103,18.139940379403797
534433,36.9765,126.7164,city,24.561945331913385,26.742379547689282,26.978967551622418
534434,36.8899,126.6458,city,21.755850840964865,22.749003984063744,22.95537848605578
534441,36.7829,127.0145,city,23.50117233294256,23.843031784841077,24.02466014669926
534442,36.7738,127.0539,city,23.174660199988026,24.608873023967362,24.894492605813358
534443,36.7625,126.8887,city,24.54154400720937,25.075191815856776,25.311529411764706
534444,36.9143,127.0596,city,25.74623352165725,26.19788664745437,26.531709894332373
534445,36.8734,126.8798,city,24.47981292919725,25.722958057395143,26.02599337748344
534451,36.1994,127.0871,city,16.44675245098039,17.094594594594593,17.25099099099099
534452,36.1251,127.0991,city,18.08973811122642,18.296979865771814,18.49920581655481
534453,36.2154,127.0439,city,21.10843084308431,20.33349191246432,20.491298763082778
534462,36.8697,126.2805,city,16.006596465746792,16.60259490629505,16.752844786160498
534463,36.7467,126.3015,city,16.37428774928775,14.357228195937873,14.563709677419354
534465,36.8242,126.2572,city,16.95951859956236,18.02140992167102,18.213164490861622
534471,36.6774,126.8489,city,19.790590350614323,19.66545643153527,19.89251037344398
534472,36.6881,126.7392,city,22.94109580874024,21.06697819314642,21.223520249221185
534481,36.3531,126.5897,city,19.336793819410914,18.290080428954422,18.469367292225197
534482,36.3908,126.5693,city,19.873706896551724,17.14875,17.340675
534491,36.5977,126.6551,city,21.07226121089568,20.48115516397455,20.58681840430739
534492,36.6533,126.668,city,18.202027429934407,18.77317880794702,18.91220750551876
534501,36.1072,127.4907,city,19.842617794713604,19.816894284269093,19.946509863429437
534502,36.4552,126.8049,city,20.6330555722079,21.209036144578313,21.389192771084335
534503,36.415,126.9454,city,19.25613469460864,19.800639658848613,19.899722814498936
534510,36.287,127.2379,city,16.740727294729837,15.656140350877193,15.915333333333331
541111,36.5925,127.2921,city,19.402791802791803,19.58337481333997,19.799288203086114
541112,36.5119,127.2472,city,17.014947138169887,15.621865596790371,15.851519558676028
541113,36.4761,127.2514,city,17.691421179514318,13.979037636969986,14.124626012386852
541114,36.527,127.3703,city,18.37612954090606,18.63,18.78433
632121,37.3528,127.9475,city,16.44537149817296,16.404213298222516,16.589980250164583
632122,37.3356,127.9771,city,19.578671022694124,21.395449620801735,21.442026002166845
632124,37.3128,127.8173,city,18.81407675791733,19.284439486893476,19.421522587841608
632126,37.3723,127.8751,city,20.28897289677709,21.352096496266512,21.45242389431361
632132,37.76,128.903,city,15.149739337981282,14.78510744627686,14.909000499750126
632151,37.525,129.1145,city,13.951906932118014,13.90426189005559,13.886392835083385
632161,37.4426,129.1684,city,12.211104013008883,12.509011203117389,12.580886507549925
632171,37.3607,128.389,city,14.254177035193743,14.63435294117647,14.729378823529412
632372,37.3797,128.6616,city,14.209534296262712,15.965811965811966,16.071709401709402
632432,37.4899,127.9829,city,16.964639748549324,16.976051091005854,17.108392762107503
632441,38.3811,128.4637,city,14.777098873194731,14.758917589175892,14.90039975399754
632451,38.075,128.6184,city,11.368035281694516,10.432332806740389,10.562327540810953
632461,38.2069,128.5882,city,12.132989856705844,12.14487079091621,12.33373531714957
632472,38.1471,127.3125,city,16.054771585745037,17.093913955928645,17.235057712486885
632481,37.6838,127.8803,city,18.000116726975605,17.38991674375578,17.502622571692875
632491,37.174,128.4625,city,15.393832805721656,17.840132827324478,17.874487666034156
632501,38.1064,127.7084,city,16.080260032504064,17.068181818181817,17.26809312638581
632511,37.1629,128.9867,city,10.556276429357586,10.388605442176871,10.43937074829932
632521,38.0602,128.1668,city,11.487440121509522,10.535697620158656,10.66086794213719
633122,36.9646,127.9262,city,20.55044395447232,21.718734047983666,21.825722307299646
633123,36.9821,127.9192,city,23.499910878735665,24.192481203007517,24.29812030075188
633124,37.0165,127.8227,city,19.97484313269812,20.16883743367101,20.241316931982634
633125,36.9052,127.9641,city,18.706989247311828,18.632051922116826,18.737703444832754
633131,37.1451,128.2207,city,19.56515259895088,21.597555012224937,21.7679706601467
633132,37.1241,128.2006,city,19.7922373063812,22.098058252427183,22.159946601941748
633133,37.0002,128.1677,city,17.429197592192157,19.34145220588235,19.499747242647057
633211,36.7134,127.4172,city,20.212028120753825,23.325818572195384,23.470805152979068
633213,36.6137,127.4674,city,21.18965619618788,22.286014721345953,22.553322818086222
633214,36.6325,127.3251,city,20.387802413362657,22.51938775510204,22.7285
633215,36.5536,127.5485,city,19.37195343761368,19.995985950827897,20.112152533868542
633311,37.0334,128.2957,city,22.457293122961183,26.94521249359959,27.221024065540195
633312,36.9392,128.3207,city,17.90976478141598,19.411492122335495,19.557933271547732
633313,36.9872,128.3656,city,17.860691342918322,21.229873417721517,21.494177215189872
633362,36.8075,127.7893,city,19.86396526772793,20.087943262411347,20.23444917257683
633363,36.8369,127.8745,city,20.873424431617387,21.209737827715355,21.32508895131086
633411,36.8551,127.4414,city,21.527499403483656,22.793478260869566,22.99595755693582
633412,36.902,127.539,city,22.196711753731343,24.427934621099553,24.54934125804854
633462,36.9289,127.6889,city,21.16424091823453,21.060489678348535,21.26445511281805
633463,36.9227,127.7574,city,21.910714285714285,22.472049689440993,22.575093167701862
633471,36.1728,127.7778,city,18.019276253547776,17.026797677534613,17.186270656543098
633472,36.2295,127.9132,city,17.222736992159657,17.353982300884955,17.465258500232885
633481,36.8134,127.613,city,21.61041679124559,22.14424477901894,22.31146673142302
633482,36.7677,127.6049,city,17.196066781534075,18.086533787068547,18.32034030140982
633491,36.4837,127.717,city,18.47638795986622,18.415584415584416,18.555365997638724
634111,36.3064,127.5712,city,19.47330589174909,20.80074661689221,20.832725151656554
735111,35.799,127.1218,city,19.21479940564636,19.331635252165054,19.510361691288843
735114,35.8515,127.087,city,18.1656494140625,17.83400809716599,18.019803354540198
735115,35.8674,127.1175,city,21.354710589334736,22.209486166007906,22.368294748729532
735117,35.8465,127.0627,city,20.879187580249795,22.731206057328286,22.94196322336398
735121,35.9729,126.7007,city,20.199374741933585,21.42158273381295,21.601803357314147
735122,35.9733,126.6514,city,19.97056063804832,21.82151589242054,22.0219902200489
735123,35.9639,126.7532,city,20.806839622641508,21.70484988452656,21.91679907621247
735124,35.9395,126.7484,city,21.978507183740216,23.024708624708623,23.190167832167834
735125,35.9438,126.5411,city,21.05515264943268,22.443056576047024,22.47706098457017
735127,35.9585,126.597,city,19.554518054488504,21.27373271889401,21.390027649769586
735131,36.0203,126.9841,city,22.490913368229137,23.067196090409286,23.42174098961515
735133,35.9616,127.0042,city,22.1668331081478,21.85434657455383,21.979418537708693
735134,35.9546,126.9414,city,21.33360718267708,22.01301204819277,22.210631325301204
735135,36.1097,126.9918,city,22.792995579734782,23.15987261146497,23.23062420382166
735136,36.078,126.9663,city,21.7053152039555,20.52165256346441,20.696381284221005
735137,35.9011,127.0053,city,22.45031317754757,21.47878787878788,21.741141414141417
735138,36.0598,127.0835,city,21.048056783802654,22.142100192678228,22.40909922928709
735141,35.5684,126.8459,city,19.8779690691567,21.457231726283048,21.51075686884396
735142,35.688,126.8868,city,19.62785814279048,19.27331995987964,19.513575727181543
735143,35.609,126.8528,city,19.858820093457943,20.668618838457785,20.78172767203514
735151,35.4077,127.3846,city,17.528662420382165,16.912060301507537,17.080113065326632
735152,35.4398,127.5289,city,17.476003917727716,15.298287345385347,15.433315889628926
735161,35.4373,126.713,city,18.106223622421684,19.075903614457832,19.289060240963856
735162,35.5246,126.5511,city,15.77027358606306,15.91653666146646,16.087691107644304
735171,35.7294,126.7199,city,20.700148323939484,20.625840537944285,20.715744476464938
735173,35.7916,126.6981,city,21.74589970501475,23.238946378174976,23.381966133584193
735181,35.8049,126.8914,city,22.95474495848161,22.88145896656535,23.050526849037485
735191,35.9764,127.2055,city,18.898474143561124,19.26992665036675,19.44927139364303
735192,35.9418,127.1661,city,20.465809708281974,20.03839541547278,20.322
735193,35.7291,127.1355,city,17.052540964141535,17.254545454545454,17.415710073710073
735201,35.7972,127.4349,city,17.056545680620523,16.64177737059093,16.730609253321116
735361,35.6134,127.2794,city,17.829242450997704,16.058585858585857,16.201681818181818
735362,35.6738,127.2707,city,18.59586776859504,17.25665024630542,17.413133004926106
735371,36.0087,127.6621,city,15.823795453174938,15.18634778276034,15.362964623816643
735381,35.3744,127.1374,city,17.201565557729943,17.656142081894426,17.7713172175629
735391,35.6474,127.5212,city,16.524828251175123,16.320101781170482,16.47248854961832
735520,36.0762,126.6979,city,17.792554450757574,15.993364928909953,16.166090047393364
735521,36.1529,126.5493,city,15.242714796014289,15.961230769230768,16.08432
735522,36.0091,126.6941,city,17.539868142803833,17.552519214346713,17.714406490179332
735601,36.4293,129.0564,city,13.071101581966738,14.277387350144688,14.395713104588674
