,aod443,blh,rh,t2m,ws,wd,sp
0,3.48471,4.26359,2.54487,5.90785,1.16924,5.37068,1.74049
1,6.28613,0.95407,2.067,3.70576,0.93718,2.89195,1.74144
2,4.93796,1.62386,1.37543,3.63604,1.90607,1.91992,2.02106
3,4.22924,1.43074,2.15489,3.18736,2.08027,2.03959,1.6942
4,5.34247,1.61743,2.0082,2.71043,0.87432,2.2452,2.12464
5,4.62867,6.08657,2.3449,4.73004,1.94827,2.29827,2.67015
6,6.1759,1.71412,1.55174,3.99289,2.01784,1.24663,1.3786
7,6.81886,4.27244,1.50094,4.55143,1.96166,1.60516,2.30111
8,5.00297,1.31498,3.25851,3.94661,1.04251,1.7681,1.05162
9,4.81965,4.58875,1.74594,3.69972,2.2639,1.99922,2.41792
10,6.19181,1.74732,2.20927,4.65429,1.74034,2.19196,1.99493
11,6.33905,2.07751,1.74897,4.4049,1.99674,0.82381,1.42338
12,4.58432,1.15579,1.18334,5.15664,1.38047,1.82833,2.35047
13,5.79762,2.4485,3.92151,4.39066,0.75884,2.17899,2.38829
14,5.69949,2.60853,2.40492,3.62873,1.59625,1.71105,2.21331
15,3.96063,1.57605,2.31827,2.95824,1.04921,1.26557,1.42944
16,3.81984,2.04588,2.18788,3.41077,1.47473,2.64176,1.53657
17,5.08858,5.2477,1.51622,6.25338,1.62137,2.61116,2.77014
18,3.71099,0.8693,1.35942,1.99061,1.51344,1.77215,1.30818
19,4.34687,1.86282,2.92768,3.68018,1.91258,1.67646,1.71088
20,6.66623,1.95063,2.2103,3.90928,0.99249,3.17554,1.85424
21,4.70087,2.49058,2.28787,4.64766,1.56375,1.25583,1.44533
22,4.49328,1.07844,1.83866,3.58471,1.97175,1.55722,1.65267
23,6.45643,1.7106,2.1256,3.3113,0.81745,2.19396,2.06539
24,4.16936,1.01011,2.05425,3.3232,1.31938,1.81,1.61102
25,6.41921,7.04067,1.83772,5.36192,2.61139,1.90833,3.63934
26,3.73344,3.34398,1.66012,3.52152,3.1892,2.02355,1.3215
27,3.59477,1.75755,1.01218,2.58135,1.78902,2.94406,1.38344
28,4.4341,3.60475,1.27268,2.29897,1.88043,1.42389,1.74273
29,4.28142,2.3711,1.53169,3.63203,2.06521,0.75933,2.13569
30,6.64338,2.74813,2.91251,4.82227,1.34267,2.88865,2.14863
31,7.07573,3.09685,1.77332,4.872,2.437,2.16669,3.26453
32,6.14426,2.72365,1.79539,4.20098,0.80914,1.41423,1.82195
33,6.41186,3.46546,2.2771,4.80466,1.74731,1.96489,2.27342
34,5.53322,3.7211,1.70461,4.63096,2.07344,2.00681,1.97584
35,5.50145,3.58952,1.43492,5.36276,2.14639,1.05617,2.05548
36,2.8004,2.03893,1.95908,3.57366,3.02448,2.57037,2.09068
37,5.40193,2.55204,1.77678,6.23739,2.06994,2.64548,2.06919
38,5.9133,1.23854,2.86074,5.11444,1.14765,2.13256,1.72244
39,4.00593,5.20995,1.87024,4.44748,1.66822,1.01741,1.91486
40,6.18818,1.56454,1.6637,7.42535,2.113,1.39633,2.53186
41,3.4458,1.49973,1.7293,3.2941,0.89771,2.48791,2.3415
42,4.93914,1.63618,1.66107,3.79401,1.84849,2.15314,1.52761
43,5.75935,2.26848,3.67202,4.88909,1.71188,2.76154,1.69052
44,4.78641,2.36453,1.48063,4.6021,1.48418,1.5073,2.25273
45,2.25911,3.27925,1.44972,5.15196,2.37796,2.1067,2.15352
46,4.94129,2.70549,1.20343,4.06589,1.7914,2.38166,1.86233
47,6.93729,2.01549,1.32192,3.66227,1.09279,3.26658,2.14955
48,4.84846,1.41875,1.73017,3.55078,1.98535,1.8699,1.68933
49,4.19567,1.58261,2.0306,3.36207,1.77067,3.0587,1.88834
50,6.29966,1.73617,1.5323,3.76411,1.10748,1.54176,1.62594
51,4.83435,1.81443,2.27491,3.70081,2.13757,1.65524,1.53158
52,5.89194,1.55473,2.31014,4.57437,1.909,2.19881,1.99278
53,5.69283,2.07783,2.18211,3.21622,1.19855,1.63385,2.00342
54,5.07886,12.2711,3.2135,6.74752,6.50519,2.60038,3.67333
55,5.99153,2.1744,2.00628,4.39267,1.30343,3.28945,1.97091
56,6.29101,1.79829,2.03139,4.49571,1.19839,3.27093,2.23314
57,5.17724,4.07525,1.96709,3.07838,2.26801,1.54207,2.06113
58,6.39238,1.63352,1.42686,3.78249,2.86593,2.62241,2.0091
59,8.2855,3.77327,2.32436,5.37638,2.23461,2.01468,2.63728
60,3.87835,1.21859,1.66702,6.14957,1.36887,3.09243,1.87044
61,5.08256,4.21563,1.73644,5.37592,1.6309,2.33219,2.087
62,3.81573,1.33631,2.56606,2.86708,1.38146,0.94285,2.33613
63,5.45924,4.1306,2.36777,5.41522,2.23893,2.56741,3.35462
64,4.33757,2.04344,1.35226,3.31209,1.56204,1.60768,2.0602
65,3.38919,1.85066,2.24343,2.99251,1.75229,1.34112,2.24398
66,4.94179,1.41538,1.96871,2.97293,1.5581,0.81987,1.88347
67,3.05275,2.89621,2.0254,1.64473,2.86293,1.97173,1.56842
68,5.69813,2.46288,1.67469,3.90392,1.20696,2.49937,1.87822
69,5.69842,3.74405,1.27794,4.91315,1.93516,1.71252,1.77035
70,4.37967,3.62757,1.94042,3.65089,2.29095,2.36955,2.034
71,5.75147,4.73332,1.96188,4.0454,1.02225,2.66256,2.29983
72,3.67109,1.88967,2.16214,3.93406,1.88973,1.99735,1.54238
73,4.63785,1.13307,1.69699,3.67983,2.41365,1.07079,1.98194
74,7.32943,4.06864,2.64341,4.0239,1.22504,2.42842,1.48378
75,3.93503,1.17369,1.96173,2.18752,1.91921,1.56704,1.18324
76,7.58628,2.8439,1.64727,5.00619,1.83448,2.74004,2.18021
77,3.94141,1.82263,1.66204,4.08358,2.12187,0.85228,2.55856
78,3.158,1.16029,1.442,3.28284,1.11056,0.86083,1.43103
79,3.65795,2.15204,1.59449,3.76787,1.70487,0.70868,1.23586
80,6.34441,2.80294,1.99883,3.22481,2.09068,1.83805,1.80466
81,5.62618,4.80813,1.7135,5.28493,2.35413,1.23572,2.10999
82,6.49871,3.65417,1.93794,3.15913,1.15767,2.09247,2.01325
83,5.37015,2.23125,2.997,3.29511,1.86019,2.30585,2.07976
84,6.66486,4.76654,2.64662,3.61657,2.44949,2.63115,2.87513
85,7.06061,5.23567,2.23534,5.5996,1.40022,2.26349,1.97407
86,6.45968,1.12633,1.6043,1.97762,1.11611,2.20539,1.63703
87,5.61255,2.4137,2.33978,3.30701,1.84826,1.45035,1.35474
88,4.31971,2.0962,1.73771,2.66166,2.22537,1.2444,1.71268
89,7.17059,2.03613,2.49415,4.60923,1.9057,3.24116,2.0234
90,4.44058,2.08145,2.92924,3.93664,1.9002,1.91811,1.57091
91,3.4234,1.08172,2.30465,2.43584,1.10947,2.43326,1.83456
92,4.98156,2.30768,1.42035,3.88599,2.00366,1.28417,1.98006
93,7.75479,3.67636,2.8479,3.9791,1.55484,2.06152,1.88311
94,5.42618,2.44796,1.4989,4.53677,2.2568,1.12915,1.51665
95,4.8437,2.66329,1.56644,2.57921,1.27471,2.19199,1.55718
96,4.44815,1.05785,2.40541,3.9822,1.21387,1.42607,1.99438
97,6.60456,2.64621,2.26288,4.77526,2.02763,1.74861,2.2208
98,6.64301,5.79174,1.7936,4.36071,1.70976,2.22971,2.62135
99,4.63222,0.66494,2.23553,2.5066,1.26947,3.54641,1.51875
100,4.72661,3.18906,2.10714,4.11675,2.30583,1.00153,1.41862
101,7.25723,6.49388,1.98845,4.39993,3.42073,1.71676,2.68291
102,5.1082,3.98644,2.18454,4.20945,1.27988,1.81647,2.02035
103,4.2397,1.50245,1.57128,3.65494,1.90445,2.36749,1.81924
104,5.38427,2.46211,2.51565,3.24828,1.79067,1.25821,1.66606
105,5.62694,1.6146,1.06763,3.6545,1.24202,1.60039,2.02471
106,4.13522,1.28287,1.37094,2.41653,1.40641,1.45739,1.69228
107,4.61342,3.40361,2.33473,3.93082,3.63156,1.71387,1.6882
108,4.89688,0.9097,1.92382,3.10522,1.17708,1.64188,2.01769
109,4.75107,1.06803,2.16538,2.45269,1.32895,3.20621,1.9073
110,4.78067,4.32139,2.65051,2.81795,0.75104,2.12457,2.76794
111,8.84327,3.23305,1.85679,4.0336,0.96622,3.56609,2.05475
112,4.67407,1.44377,1.74723,3.38544,1.24768,2.4777,1.87465
113,3.58366,1.53295,2.54579,3.6634,1.62749,3.72736,2.39999
114,6.94163,1.14964,1.51889,2.91755,1.13262,1.89934,1.60773
115,4.72058,1.79745,1.86149,2.65473,1.64318,2.49785,1.89278
116,4.15121,2.58179,2.22838,3.66577,3.41168,2.02762,1.60072
117,7.18869,3.18536,2.34183,4.85501,1.79256,2.89326,2.94256
118,5.58466,2.24317,1.99977,4.5753,2.19972,2.93174,2.2939
119,5.12862,1.34876,2.07821,3.29335,1.88652,1.5863,1.84076
120,5.85182,5.0267,2.10744,3.19982,2.09074,2.4725,2.23889
121,4.79402,1.22244,2.03654,4.30875,3.43735,1.47681,2.16497
122,4.09253,2.3101,1.66885,3.56709,2.37409,1.84645,1.45838
123,4.4046,2.79572,1.70245,3.27813,2.93133,1.31048,2.09752
124,5.76458,2.48199,1.05158,4.15687,2.55487,1.94979,2.19717
125,3.10995,1.61555,1.07573,2.09664,1.51223,1.81315,3.00877
126,5.20898,3.73678,1.72191,5.55904,1.41001,1.29207,2.1076
127,3.18815,3.68963,1.89191,2.56114,2.52257,2.96663,1.20917
128,4.56601,1.42304,1.94713,3.00549,0.76825,2.4977,2.17178
129,3.66668,4.2128,3.36182,5.86454,2.60318,2.76793,2.38243
130,4.35267,2.07153,1.54168,4.25267,3.14597,1.40791,1.88117
131,5.40767,2.17642,1.91231,4.43792,2.36716,1.38164,1.28863
132,6.14932,3.83092,1.99496,5.55701,2.53788,1.66021,1.90677
133,5.86855,5.05097,2.12649,4.65402,2.25819,2.30587,2.13667
134,4.59427,1.53603,1.25229,4.39936,2.12718,0.90134,1.86
135,7.59816,4.8524,1.37797,5.08514,1.47109,2.05091,1.78341
136,3.57755,0.71602,1.82265,3.29943,1.89329,2.40455,1.51196
137,6.63278,4.68109,2.29135,3.78753,1.38847,2.4092,2.59739
138,3.84964,2.86008,2.46604,3.61709,2.38083,1.14522,1.86335
139,5.53562,2.08388,2.62968,4.47012,1.30483,2.66412,2.43312
140,5.69744,2.61757,1.95302,4.71412,2.07358,2.76224,1.81356
141,5.81224,2.79953,1.46301,2.71345,0.99729,1.39495,2.72304
142,3.31902,1.80169,1.90977,2.77508,2.02796,1.4775,1.7937
143,5.34418,2.9601,2.15558,2.73269,1.85862,2.1481,2.03846
144,4.9544,4.08075,2.47067,5.41562,1.9317,3.08541,2.28403
145,5.85835,2.52728,3.00945,2.10122,1.48124,1.01956,1.86787
146,7.28469,4.28214,2.07032,3.54021,1.16139,2.68619,3.63128
147,3.61328,2.98673,1.89627,2.47926,1.75507,1.13165,1.67775
148,5.47996,2.04868,2.95863,3.91957,1.46992,3.21339,1.97459
149,4.77787,2.8524,2.18505,5.02902,1.7541,1.51292,2.03112
150,4.28087,2.56742,1.80707,2.91708,1.79061,1.05372,2.51644
151,3.49121,1.81277,1.45746,1.91787,1.04054,2.36375,1.01916
152,6.46028,2.13577,1.86089,3.6609,0.83446,1.90559,1.86135
153,5.19263,1.20552,1.90604,3.01973,1.57519,1.53968,1.52307
154,6.03591,2.35016,2.9563,3.20644,1.1508,3.23204,1.86334
155,7.03539,1.74998,2.48286,4.08142,1.07477,2.34248,1.94704
156,4.29044,2.82637,1.94193,4.4913,1.86325,1.44702,1.97232
157,6.05443,3.67248,2.04304,4.03484,1.5528,1.94072,2.12895
158,6.20301,2.1882,1.43458,3.57487,1.36034,1.13662,1.52901
159,7.00193,2.96417,1.81891,3.78646,1.20899,2.90678,2.0409
160,4.33282,1.60549,1.95267,2.87509,1.94319,1.43637,1.68039
161,6.62619,3.11081,1.78329,4.40963,2.50729,2.76946,3.63591
162,7.21147,3.02805,1.82276,5.13862,1.25806,3.8976,2.22321
163,5.73964,2.8679,1.19578,5.09504,1.93404,2.20933,1.89845
164,6.83403,4.52263,1.93167,3.70598,2.22306,2.44544,2.10615
165,4.49135,2.10929,2.11331,2.59405,0.93593,1.86322,1.16734
166,3.9943,1.70554,1.43399,4.20285,2.69699,1.40903,2.12321
167,5.53496,4.69156,1.64712,4.4891,1.52576,3.61836,2.75504
168,2.78062,3.2745,2.04227,3.43332,3.31178,2.72047,1.42381
169,5.49218,4.76222,2.28594,5.59912,2.00322,2.02942,3.2587
170,5.41339,1.60541,1.7881,3.18132,1.47103,1.86879,1.34643
171,4.49733,2.27287,2.73591,5.35788,1.42912,1.52725,2.67951
172,5.9903,6.04817,2.20131,3.07024,2.44207,2.29621,2.64993
173,3.73082,2.06858,1.87094,3.05688,1.35752,5.01287,1.08696
174,4.67042,1.18132,2.69301,3.37454,1.35494,1.61116,2.41186
175,7.49972,1.88415,1.91688,3.75229,2.79705,4.1538,3.75004
176,4.98006,1.44045,1.57317,3.03464,1.3199,2.39321,1.86712
177,5.16799,1.5479,2.19856,2.7059,2.53738,0.70521,1.58611
178,5.45312,3.8391,0.80752,5.32368,1.29772,1.67225,2.04224
179,5.54896,2.74054,2.86182,3.62181,2.46983,1.88796,2.26451
180,5.75054,3.52777,1.90488,4.92167,1.82385,1.82837,2.36862
181,4.227,1.4009,3.58984,3.42676,0.85974,2.84473,1.91938
182,5.08107,2.30577,1.22941,4.09843,2.94054,1.59623,1.68285
183,5.30736,1.21868,1.93439,3.06234,1.30639,2.04844,1.89693
184,4.09381,2.50226,1.65554,2.8437,2.53064,3.04974,1.44162
185,5.11396,2.21539,1.66016,4.79925,2.66324,1.58591,1.9899
186,5.57592,2.80465,1.83758,4.4433,1.91157,2.80077,2.03915
187,4.7101,1.7194,2.18156,3.90937,1.56577,1.77465,2.43084
188,4.98937,1.28198,1.43694,3.10964,1.80646,2.23404,2.06026
189,6.6515,4.70508,2.71006,7.33731,2.4851,1.4904,2.5504
190,3.00781,4.72556,1.73419,6.79542,1.55667,2.03864,1.89206
191,3.8537,4.16227,1.6722,3.18898,4.26574,3.7475,1.51149
192,4.9586,2.73827,1.95024,3.57132,1.5574,2.36974,2.01368
193,4.81194,1.69493,1.39032,2.57459,1.62817,2.03558,2.18452
194,4.93247,2.14949,1.66754,4.31196,2.29728,1.93134,2.35575
195,6.53206,1.8886,1.87504,2.41549,1.46357,2.73423,2.48633
196,5.59332,2.61054,2.54752,4.79923,2.26331,2.05647,1.71907
197,5.68339,3.70422,2.35629,4.25273,2.64674,1.49512,1.70933
198,4.51592,2.87049,1.67796,2.71478,2.03148,1.99125,2.1486
199,5.17599,0.94851,1.95995,3.61617,0.73682,1.8144,2.14663
200,4.95138,1.33586,1.92295,3.75976,1.33019,2.64542,1.4949
201,3.60291,1.79561,2.52076,4.11564,1.61481,3.67833,1.97054
202,5.46969,1.35541,1.86767,2.02106,1.48152,1.62312,1.69813
203,4.6557,3.82048,1.61518,3.92136,3.22933,2.58235,1.34758
204,4.96657,4.55395,1.52528,3.14336,1.84768,1.65045,1.92167
205,5.18973,1.55223,2.9513,4.6824,1.29801,1.29865,1.90894
206,5.10855,3.53425,1.74278,6.16336,1.38344,2.56826,2.01812
207,4.60681,1.23702,1.83654,3.15411,1.90418,1.48001,1.80673
208,6.44551,2.16422,2.07175,5.19867,1.01678,1.92763,1.09584
209,5.95191,1.58718,2.17584,4.50201,1.48253,1.53098,2.38951
210,5.5654,1.95869,2.45068,3.36374,1.74175,1.8275,1.57998
211,3.56186,3.66288,2.43157,4.16,3.62353,2.34541,1.7276
212,4.38566,1.74714,1.1859,3.63402,2.66597,1.16139,1.7159
213,5.55983,2.36188,2.55007,4.2154,1.30172,2.41863,1.91933
214,5.42962,4.25252,1.71309,4.97464,2.99783,2.27319,2.51538
215,6.21873,3.02746,2.01312,4.32202,0.99247,2.81843,1.55582
216,5.51158,1.36186,0.74011,3.51675,1.9948,0.98813,1.18674
217,2.5284,1.86365,1.22367,5.23535,1.34602,1.49623,2.67446
218,4.87988,1.09541,2.83705,3.97171,0.87544,2.77008,2.02639
219,6.6118,1.52305,2.10932,4.3694,1.07878,2.92222,2.6199
220,5.73863,3.10981,2.07992,4.4096,1.95823,1.97136,2.91476
221,6.75704,4.33918,1.46078,5.30008,1.31501,1.80846,2.66599
222,5.58811,2.92448,2.00823,3.79675,2.00903,2.37261,2.21638
223,5.41476,4.61307,2.2225,6.96416,2.5376,1.16783,3.44784
224,4.67645,1.46821,1.89449,2.35838,1.93865,1.01413,1.63984
225,4.96606,1.49261,1.83241,3.698,1.03218,2.15128,1.32307
226,5.83184,3.64019,1.77758,3.68066,1.88563,2.1131,2.8465
227,5.96973,3.24707,2.53053,4.29696,1.74749,2.7178,2.22588
228,3.75487,3.16014,1.72722,3.77602,3.2985,3.02089,1.41262
229,4.81805,1.92498,1.66581,3.33837,2.11348,2.74818,1.67919
230,5.91851,1.61503,1.99437,3.40401,1.60225,2.26572,1.85764
231,6.301,4.85448,1.67897,5.55459,2.66624,2.04025,1.44784
232,5.17587,1.12904,2.0862,3.80379,1.83306,3.45235,2.55347
233,4.80748,1.50498,1.57851,2.71773,1.04584,1.09087,2.07193
234,4.58356,1.3979,2.37821,3.22098,1.32631,1.02401,1.895
235,6.30599,2.21186,2.4205,4.13731,2.84002,2.23352,2.16395
236,4.03521,2.93162,1.42312,3.9858,4.16481,2.42628,1.78895
237,4.35925,2.37357,0.96718,2.15561,1.37861,2.47131,1.33785
238,5.22914,1.49364,1.67134,3.42079,1.35707,1.69398,1.92077
239,4.79486,1.77103,1.77897,5.10222,1.53454,2.24354,2.13138
240,5.70534,3.4768,2.21896,4.70962,1.84671,1.60225,2.50802
241,4.24722,2.51334,1.82279,2.22773,1.72638,0.93921,1.71583
242,6.38719,4.80051,2.49198,5.42906,1.58277,1.57142,2.78496
243,5.56455,1.83374,1.32456,3.18719,1.45815,1.9048,1.89508
244,3.85113,0.92353,1.27651,2.02534,1.19605,2.2922,1.47423
245,4.74616,3.66072,2.09776,4.9883,1.68926,0.91817,2.06245
246,4.55129,2.33404,2.58636,3.83125,1.45015,1.14609,2.13074
247,6.69358,2.7632,1.56256,3.5205,1.50706,2.92861,1.95158
248,7.24957,5.58333,1.91383,4.36673,2.42082,2.17854,2.02552
249,6.3475,0.92604,2.57338,3.3159,1.04299,3.18879,1.82202
250,5.93726,3.71542,3.34736,3.65487,2.39495,2.14685,2.88503
251,3.8417,4.26813,1.81627,3.34746,3.21338,2.56057,1.82613
252,5.83022,3.72293,1.6556,5.03967,1.52188,1.57835,2.12706
253,3.69541,1.40374,1.21083,2.49527,1.12053,1.34196,1.13788
254,7.35038,3.71463,2.93882,3.48651,1.64645,2.24157,2.84495
255,5.88,4.41936,2.84566,7.18561,1.73196,1.70968,3.28851
256,8.08593,4.87342,2.62388,5.1421,1.68082,3.17982,2.20389
257,5.98305,1.5314,3.32321,4.14773,1.69806,1.83064,1.99901
258,4.95279,1.18488,1.55816,3.18346,1.31935,2.90369,1.68908
259,4.49734,1.62214,4.00204,3.57976,2.01876,3.23056,2.12648
260,4.75641,1.90305,1.79795,4.51117,1.73101,1.25626,1.84464
261,6.89887,3.9795,2.04128,4.67217,1.97726,1.60687,3.20793
262,4.08681,1.33734,1.62736,2.43781,1.60131,1.68847,1.13694
263,4.28945,2.93442,1.67152,3.68967,3.61384,2.65836,1.60405
264,6.3834,2.39027,2.52907,5.52301,1.59509,1.37382,2.13741
265,5.94851,2.36121,2.52318,3.50631,1.83267,3.08671,2.65296
266,5.75323,3.476,1.80252,4.73263,1.77086,1.97068,1.86087
267,5.69396,3.06897,2.76876,3.92572,1.30954,1.2579,1.1875
268,6.95425,2.85507,1.91696,4.99372,1.09191,3.19143,2.58512
269,6.52418,4.45878,2.03057,5.59364,4.21727,2.46669,3.00895
270,4.1406,1.99764,1.9967,2.58675,1.43251,1.14941,1.61369
271,3.75808,4.01109,1.18383,6.50008,2.10342,1.71306,2.25736
272,4.26664,1.95778,1.22116,7.28421,1.04826,1.63706,3.49943
273,4.67881,2.23914,1.74254,2.47934,2.28837,3.3781,1.7521
274,6.67561,2.54019,2.08776,3.20287,1.07164,2.95757,1.9469
275,5.63625,0.99543,2.25726,3.83328,1.21363,3.11424,2.56183
276,5.97292,4.69963,2.59501,4.91197,1.49547,1.69617,2.59843
277,4.53998,3.45402,1.69188,2.81339,4.26202,1.70722,2.19596
278,4.23065,1.59862,1.83688,2.85896,1.57413,1.98385,1.84429
279,7.2617,5.54691,1.30658,6.30212,1.62534,1.9088,1.97062
280,3.98798,1.12455,1.52796,2.64946,2.27125,0.78894,1.77317
281,4.88174,2.11716,1.7914,3.65256,1.55775,1.18454,1.22629
282,5.72817,3.15021,1.89136,3.15498,1.21391,3.0567,1.97709
283,6.07162,3.64185,2.41852,5.76468,1.44208,1.73047,3.83172
284,4.71008,2.83072,1.5463,1.93024,3.01278,1.51164,1.5307
285,4.60887,0.63034,1.17941,2.02761,1.57154,2.51743,2.06639
286,4.59011,1.16881,2.26701,3.79877,1.50586,1.49889,2.28679
287,3.70049,1.02364,1.46743,3.88695,1.30028,2.24098,1.3499
288,5.32451,1.27928,2.31893,2.99815,2.30024,3.59139,2.28702
289,5.18542,2.83196,1.39043,4.35612,2.38401,1.04742,2.10012
290,5.82925,2.45243,2.36577,2.96219,2.45421,2.09407,1.52508
291,5.31667,3.96408,1.75035,4.62857,1.09745,1.77613,3.2993
292,6.36275,1.81161,2.39728,4.49267,1.00026,2.15078,2.05971
293,5.08329,4.29231,1.73425,4.7962,1.53418,1.86974,1.9032
294,5.8255,4.30695,1.65075,4.66091,1.25988,1.52955,1.9408
295,6.20302,1.98963,2.49344,3.96354,0.95767,3.45582,2.26689
296,5.70518,2.77795,2.47508,3.98044,0.97505,3.24924,1.7128
297,4.41963,2.64421,1.24534,4.7537,1.52767,2.0347,2.21171
298,4.67733,1.57011,1.23051,6.61837,1.4367,1.60987,2.44999
299,6.41903,3.34912,2.57587,7.12263,2.19728,1.61317,2.20988
300,4.49394,1.29247,1.38076,4.00224,3.54978,2.83703,1.82972
301,3.83627,1.23917,1.42609,7.17114,1.28169,1.58018,3.62987
302,6.43645,1.89606,2.41104,4.38143,1.07677,3.47893,1.68056
303,4.28207,2.07872,2.03942,3.53432,4.14756,1.43762,2.54107
304,6.53387,4.38545,2.68213,5.42179,1.7829,2.58061,2.83313
305,4.99826,2.7404,2.37597,3.03041,1.74573,1.41748,1.87829
306,5.68874,2.16989,2.23184,4.69837,2.05049,2.83532,2.56278
307,4.22233,1.44867,1.28442,2.21738,1.6413,1.28301,2.55558
308,5.22427,1.37739,3.26503,3.57934,1.11346,2.61919,1.99342
309,6.25279,2.59193,2.74257,3.60952,1.44951,2.7181,2.18027
310,5.45933,3.84555,1.46655,4.07458,1.92238,1.74311,2.6366
311,4.0018,1.91799,1.35765,5.09835,2.50362,1.43883,1.45238
312,5.30557,1.34489,3.25016,4.16563,1.54452,1.62489,2.12819
313,5.77586,1.20891,1.4602,3.13047,1.01497,2.13249,1.97953
314,7.64501,2.97013,1.95332,4.70258,1.84006,3.14718,1.35759
315,7.47445,1.74322,1.46392,4.30099,2.13849,2.36995,2.03727
316,6.66844,2.65815,2.65434,3.46872,0.98966,2.47835,1.54595
317,4.78654,1.82187,1.6517,3.29237,1.2376,1.84965,1.65229
318,3.42505,2.02393,1.76947,3.37456,2.07067,1.34828,1.88913
319,6.24933,2.7997,2.01379,3.92602,1.51194,1.94708,2.33162
320,5.96058,3.14883,1.58771,5.73931,1.46069,1.41911,2.35421
321,5.01625,2.1202,2.30098,3.7529,1.73181,1.28144,2.1562
322,5.21041,2.72969,2.40613,5.41929,3.51082,1.81603,3.47443
323,6.49862,4.80727,1.83976,7.55005,1.41627,1.62479,1.95995
324,6.2545,1.62174,3.06331,4.20365,1.25999,3.39381,3.01538
325,2.8785,4.02626,1.47239,7.15021,4.62886,1.21658,1.9942
326,3.57539,2.79651,1.12831,4.89546,1.28768,1.21181,2.17165
327,5.00028,2.8335,1.62067,4.03389,1.09377,2.68654,1.79092
328,2.16473,3.8506,1.99741,6.02352,3.82509,2.52527,2.8386
329,5.64706,3.69673,2.42396,2.95081,3.31888,1.23419,2.68227
330,6.44652,3.2376,2.1608,4.30919,1.91475,2.75806,2.24792
331,5.41193,2.55334,1.89219,4.04526,1.36498,2.73784,2.20544
332,6.21516,3.04387,2.47596,4.17008,1.32222,2.54506,2.05485
333,4.26405,4.53296,1.72603,6.5704,2.01577,2.42067,2.53303
334,5.2055,1.91539,2.91795,3.67042,1.46094,2.18813,1.41769
335,5.73489,3.26494,3.05468,4.07198,4.00894,6.5213,2.67862
336,4.91486,1.55343,1.19367,2.5005,2.37461,1.45666,1.65429
337,5.80768,3.41099,2.39606,4.85914,1.92821,1.05109,1.94436
338,4.83941,1.75499,1.31288,3.66063,2.11516,2.14121,2.73446
339,6.10052,4.72679,2.5513,2.44881,0.85447,2.65268,2.457
340,7.78674,4.94633,2.13858,4.89035,1.64826,2.26675,1.95393
341,5.869,5.07838,1.95222,4.38561,1.20329,2.0054,2.25707
342,7.34893,3.01248,2.62414,5.10666,1.69009,1.90277,2.29776
343,3.20755,2.34485,1.06246,6.3802,1.70801,1.78854,2.09885
344,6.13263,4.66343,2.71983,6.30834,3.5721,4.24886,2.52048
345,3.76464,1.4172,2.15726,2.33932,1.99739,1.3967,1.64353
346,5.70534,4.80425,1.82351,3.85919,1.60219,2.69919,1.92581
347,3.48231,1.92684,1.33018,2.80101,2.07859,1.11992,1.94572
348,3.8431,1.32305,1.53703,1.93153,1.31554,1.2662,2.20162
349,6.48219,2.56284,1.8832,4.03712,1.20962,3.24558,1.74244
350,5.7787,2.03127,1.74701,4.42954,1.19899,2.07929,2.2486
351,3.95658,5.19817,1.49327,6.09803,1.27815,2.27927,2.44074
352,3.60205,0.98013,1.39977,2.71137,2.4514,1.80092,2.20558
353,3.63155,2.88273,1.00951,2.43279,3.0791,1.84537,1.38983
354,5.58336,1.95237,2.58381,4.61305,1.60109,5.881,2.39559
355,3.04493,1.92423,2.28606,6.12108,2.11346,1.90056,2.03531
356,4.91886,5.23718,1.69164,6.35578,2.71488,2.51298,1.99336
357,4.24692,2.70144,2.94306,5.69214,2.21863,2.52498,1.98341
358,5.13764,5.18881,1.92885,5.03,1.06101,2.31065,1.94982
359,4.30494,3.65031,1.81211,3.67801,1.9315,2.48993,2.1928
360,7.13113,2.24688,2.56011,3.78384,1.52078,3.52316,2.06327
361,4.57145,3.88326,1.36055,7.03687,3.04044,2.39542,2.78609
362,9.09111,5.14665,1.96195,6.61653,2.05784,1.73731,2.46154
363,5.32839,3.30065,1.33488,5.73501,2.07747,1.3372,1.93951
364,5.16365,3.08754,2.30267,4.23453,1.2702,2.73291,1.74508
365,6.47705,4.93647,2.14868,4.10444,2.07287,2.29395,2.0721
366,4.42037,6.93785,2.46116,5.52685,2.94081,2.56476,2.00074
367,4.57145,1.17431,1.68177,3.34138,1.97547,1.9613,1.94962
368,5.75659,2.19931,1.63652,2.36963,1.44975,1.84829,1.36493
369,4.40812,3.61722,1.79073,4.45372,1.53232,1.06135,2.39363
370,5.04055,1.82187,2.67322,2.80444,1.49223,2.62754,1.45556
371,4.67925,0.98598,1.29369,2.5433,1.77922,2.00939,2.36439
372,4.3059,2.76027,1.55024,3.00208,3.69659,1.0478,1.54753
373,5.36893,1.9123,2.1427,3.52777,0.91037,1.31301,1.74027
374,3.88393,2.96829,1.68536,3.41972,2.9903,2.06392,2.11699
375,5.50495,2.40309,2.18863,5.97169,2.45812,1.56306,2.82824
376,6.24178,4.08306,2.19753,2.85931,2.55707,2.91699,2.46528
377,4.64845,1.68042,2.56692,3.38967,0.9401,1.88668,0.91117
378,7.04131,3.67102,1.68696,3.96197,1.95424,2.45491,2.79137
379,4.42804,0.8094,1.74273,2.33756,1.0816,1.78218,1.16756
380,3.41202,1.02703,1.2073,2.9259,1.46942,1.62955,2.03328
381,6.13474,1.988,2.31312,4.2534,1.42013,2.0963,1.77057
382,5.77832,2.73835,2.12761,3.68199,1.30804,1.07252,1.37759
383,5.7632,1.61657,1.649,4.47865,2.43195,1.8175,2.49609
384,5.0403,5.10443,1.94712,4.75748,0.81949,3.48292,1.6371
385,4.41014,1.57603,1.69403,3.36835,1.52484,2.55519,1.67923
386,4.85413,0.98939,2.11119,4.1241,1.70784,1.37049,1.76845
387,5.27861,3.50885,1.58788,3.94413,2.24845,1.4525,1.72386
388,5.93519,5.54907,1.96723,3.86452,1.68849,2.87701,3.36563
389,7.09227,3.70262,1.75915,4.46013,1.76249,2.09475,2.58282
390,5.38557,5.92027,1.70306,3.89511,1.16232,2.4279,1.87468
391,4.74105,3.15677,1.56057,5.52282,2.54123,1.41186,2.3645
392,7.90399,2.10616,2.76519,4.20028,1.07929,2.17727,2.01324
393,2.20371,1.80321,1.7638,4.72947,1.97816,1.82853,2.79614
394,7.51787,4.06447,1.94921,5.5768,1.55073,2.79338,3.01092
395,5.85605,1.83837,1.82796,3.71276,1.00009,2.6745,2.25742
396,6.27989,1.53697,2.931,4.05366,1.14086,3.75008,2.51403
397,6.297,5.81749,1.65333,6.81868,2.30533,1.28109,2.44602
398,6.4507,3.82461,1.78087,4.59922,1.48442,2.79365,2.4762
399,4.23211,4.1297,1.8295,7.07705,1.86938,2.27644,2.08833
400,6.12998,3.3811,1.62522,3.80213,2.0589,1.65463,2.24619
401,5.54521,2.19833,1.89691,4.40366,2.33896,2.179,2.03767
402,5.17054,2.85425,1.6152,2.94687,3.84877,2.96786,2.00703
403,4.48139,0.9289,1.27761,2.59923,2.13386,2.46503,1.65902
404,4.42216,1.3274,2.85418,3.55,1.5107,2.99238,1.81757
405,5.59374,4.97268,1.6891,5.19004,3.61089,1.80703,1.37779
406,4.75919,2.19568,1.59977,2.35359,1.88542,2.05317,1.83073
407,7.437,2.84657,2.7278,4.23969,2.2493,2.74092,2.33567
408,6.67297,2.97635,2.27736,4.8159,2.15512,2.10745,2.3502
409,6.50418,2.53719,2.21491,6.12495,1.17923,2.87802,1.71448
410,4.31666,1.9388,2.04389,3.34441,1.6179,1.22727,2.50225
411,5.94579,0.91235,2.96737,4.38313,1.55926,2.71789,2.11789
412,4.90734,1.33092,2.8378,3.52014,1.58336,3.32213,1.79709
413,4.26524,1.43302,2.06251,3.25617,1.25264,2.31651,1.63767
414,6.13652,1.73972,1.82961,2.3524,2.3644,4.33733,1.9158
415,5.38486,1.46656,1.26489,2.69934,3.04917,1.72913,2.04464
416,5.19723,3.70096,1.55484,4.49411,1.39788,2.16712,2.57209
417,6.20575,1.03315,1.37628,5.07597,1.9427,1.27908,2.25313
418,7.35968,3.14352,1.58447,4.80218,1.23601,2.09703,2.00843
419,5.47734,1.98051,1.66041,3.93804,1.49656,1.07365,2.83294
420,4.35033,3.57329,1.69935,4.23705,3.02423,1.36849,2.47185
421,6.02452,2.36261,1.73378,3.5059,1.2948,2.81812,2.15386
422,5.08167,5.39665,1.72883,4.54378,2.28225,2.35709,1.86478
423,5.09777,2.34088,2.53853,4.25789,1.06384,3.31507,2.60201
424,6.52508,4.91044,1.45237,5.49454,3.82492,1.30709,2.09714
425,4.72882,1.59946,1.51594,3.94983,1.59527,1.37549,2.05811
426,4.78716,1.46062,2.35584,4.29801,1.68936,2.33194,1.72142
427,4.54971,1.40791,2.2204,3.6601,1.10924,2.99824,2.062
428,5.52531,1.93989,1.73237,3.99711,1.80568,2.60324,1.47465
429,4.85468,1.87447,2.06101,2.25916,1.70041,2.70197,1.77316
430,5.36543,1.56103,2.40398,4.50485,1.01846,2.40594,1.84275
431,4.8804,1.3622,2.98633,4.4719,1.35724,2.17812,2.16903
432,5.1369,0.96634,2.06098,4.79209,1.08998,1.43071,1.6861
433,4.82972,1.55668,1.55835,4.34898,1.98215,2.20446,1.70947
434,5.43009,1.53961,2.32491,3.66704,0.85841,3.26554,1.9297
435,4.87967,3.17209,2.90006,4.1008,2.22241,2.29939,1.80168
436,4.79643,2.57746,1.5511,2.75779,2.46015,1.09017,1.73946
437,5.32113,1.62756,2.65899,6.83101,1.43172,1.69692,2.01777
438,7.31899,4.05188,1.78008,4.60395,2.41278,2.29159,1.6506
439,4.54636,3.90337,1.61314,4.17211,3.24929,3.37636,1.51208
440,5.79201,2.23789,1.54573,2.72996,0.71674,2.10651,2.22628
441,3.20007,2.24217,1.29452,3.82187,1.92609,2.3229,2.11618
442,4.82282,2.59789,1.73759,3.59701,1.01637,3.19207,2.33791
443,3.57972,2.22715,1.46325,2.91062,1.49238,1.43377,1.75922
444,6.60552,3.0757,2.96687,5.05373,1.71415,2.95675,2.35708
445,6.65585,2.42648,2.33368,5.24117,1.08397,2.83934,1.56441
446,4.73204,2.35534,1.78042,4.21494,1.59082,2.65418,1.99353
447,4.59626,1.25086,1.84406,1.29708,1.77229,2.91356,1.11582
448,4.09422,1.45243,1.5027,2.96969,2.21103,1.86194,1.5962
449,4.01736,4.74892,2.34073,4.45844,0.92961,1.84321,2.59627
450,4.90355,2.1511,1.42179,4.39266,1.19553,1.94045,1.70925
451,5.6679,2.73051,1.8741,3.50114,1.64223,1.44881,1.70848
452,6.42321,5.20382,1.85748,4.21073,1.82382,2.60452,3.03211
453,7.01228,3.47352,2.8235,6.99103,2.01959,2.51672,2.71912
454,4.45671,1.47902,1.65308,3.46353,1.45054,1.6717,1.94249
455,6.48651,1.3071,1.58928,3.41693,1.58449,2.60415,2.29935
