,aod443,blh,rh,t2m,ws,wd,sp
0,3.4591,3.97034,3.01268,5.25483,1.33722,5.98612,2.02272
1,6.60349,0.67543,1.92528,4.02676,0.84807,2.9201,1.93901
2,4.78253,1.52264,1.60406,3.48551,1.43523,1.74494,2.22321
3,4.1644,1.52354,2.41446,3.17121,1.76932,1.50907,1.66462
4,5.21043,1.62602,2.15366,2.52343,1.17465,2.00091,1.87758
5,4.6768,5.40164,2.03526,6.03808,1.73274,2.24749,2.4698
6,6.56401,1.58799,1.9612,3.50147,1.79331,1.13249,1.3577
7,6.93031,3.26262,1.56313,4.97861,2.021,1.58219,2.44969
8,5.00543,1.40351,3.32696,4.4246,1.14877,2.18783,1.21932
9,4.49003,4.69208,1.82266,3.3338,2.69865,2.27458,2.63136
10,5.99708,1.94761,2.28105,4.80508,1.8113,2.17295,1.85157
11,5.17992,1.90683,1.76362,4.03834,1.613,0.90396,1.57576
12,4.8035,1.14813,1.5628,5.60261,1.54112,1.81815,2.26835
13,5.95163,2.23721,2.73968,4.16847,0.77978,2.04451,2.39921
14,5.62582,2.36608,2.62471,3.51304,1.62639,2.08753,2.28901
15,4.45564,1.673,2.47226,2.52934,1.0044,1.50076,1.6373
16,3.77703,2.00416,2.15961,3.83617,1.59436,2.20217,1.85642
17,5.54472,5.16162,1.83286,7.05917,1.73177,2.47754,2.54876
18,3.85647,0.84922,1.68438,1.75383,1.81218,1.62851,1.40119
19,4.57312,1.88766,2.15962,3.69315,1.90095,1.49444,2.18187
20,5.99822,1.76985,2.23567,3.71941,0.8822,3.05142,2.07543
21,4.40508,2.35674,2.37258,4.98384,1.52118,1.21915,1.68922
22,4.88608,1.23482,1.89093,3.93798,1.67926,1.10002,1.65956
23,6.27669,1.80769,2.31767,3.41031,0.86664,1.86726,2.23201
24,4.25382,1.11951,2.18186,3.4713,1.44797,1.48966,1.46477
25,5.94003,7.05981,1.77966,5.30899,2.28752,2.01473,3.21737
26,4.34476,3.60185,1.3853,3.75212,3.50332,2.44113,1.36566
27,3.66953,1.66103,1.23415,2.49818,1.6022,2.54774,1.43392
28,4.00613,3.1455,1.37879,2.162,1.50577,1.67735,2.25146
29,4.22269,2.30675,1.57942,3.08256,1.79391,0.91789,2.15586
30,5.98697,3.09688,2.68261,4.04683,1.20631,2.64586,2.26158
31,7.17545,3.79161,1.97916,5.2879,1.6941,2.21511,2.42972
32,5.58137,2.73101,2.07454,3.87275,0.84921,1.46627,1.59998
33,5.88327,3.17221,2.36688,5.24414,1.54149,2.3884,2.42047
34,4.86979,4.34511,1.54538,4.84125,2.13563,2.40854,2.09315
35,5.01623,3.28805,1.26515,5.39576,1.67402,1.0547,2.16009
36,2.41772,1.93785,2.07324,3.86932,3.57422,2.16212,1.70199
37,4.94051,2.5014,1.94621,5.37785,1.74938,2.2485,2.24181
38,6.56662,1.26522,3.18749,4.9096,1.00935,1.99251,1.88484
39,3.97578,3.55416,1.83747,3.88991,1.64287,0.86789,2.13946
40,6.30823,1.52039,1.75694,6.81256,2.07255,1.22089,2.79511
41,3.10507,1.58659,1.85135,3.1917,0.96489,2.49659,2.35953
42,4.50927,1.61637,1.76541,3.83665,2.0988,2.40617,1.50208
43,5.94382,2.60145,2.96978,5.53383,1.33526,2.85839,2.39872
44,5.53016,1.8465,1.84317,4.31717,2.01825,1.32783,2.4039
45,2.61126,3.66213,1.92722,3.89598,2.3439,2.19489,2.04138
46,5.50147,2.12399,1.64999,4.21296,1.91457,2.30496,1.61139
47,6.73489,2.2803,1.35538,3.86783,1.05402,3.25128,2.77195
48,4.82833,1.50324,1.61445,3.89783,1.59101,1.76378,1.53382
49,4.98294,1.54348,2.27324,2.77921,1.33424,2.82866,1.96568
50,6.68141,1.6384,1.41854,3.65217,0.99928,1.44332,1.73528
51,4.65647,1.71602,2.43695,3.75415,1.98891,1.92652,1.41032
52,6.1845,1.50581,2.2474,4.18302,1.66857,2.40681,1.60529
53,6.20737,2.14854,2.14343,3.20083,1.23501,1.4104,2.14712
54,5.13742,12.19151,2.69648,7.16184,6.27004,3.13705,3.30862
55,6.37544,2.03072,1.91159,4.65725,1.25628,3.4321,2.32176
56,6.67965,1.72388,2.52876,3.66072,1.12758,3.00633,1.65202
57,5.41332,4.05269,1.97229,3.56397,2.29524,1.60955,1.76617
58,5.81556,1.68457,1.30226,4.00788,1.93361,2.82304,2.47417
59,8.15579,3.216,2.0795,5.36106,2.13899,1.97182,2.68787
60,4.10922,0.88822,1.55241,5.25993,1.27314,3.26504,1.67005
61,3.97484,3.58817,1.74116,5.07975,1.79207,2.60876,1.82793
62,3.86369,1.33416,2.0425,3.04261,1.52623,1.21035,1.7836
63,5.99387,4.475,3.1305,6.0096,2.23996,2.22895,2.86429
64,4.08448,2.00245,1.46908,3.54586,1.20349,2.05564,1.87925
65,3.54314,2.15482,2.18451,3.22956,1.57714,1.36718,2.07589
66,5.02346,1.37222,1.51456,2.8423,1.70623,0.84557,1.79037
67,3.00206,2.27278,1.98793,1.67769,2.48887,2.18251,1.29721
68,5.61158,2.18573,1.91527,4.11109,1.53151,2.58793,1.4076
69,6.06195,3.47313,1.40213,5.67369,1.96437,1.59241,1.75604
70,4.48419,3.52059,2.22411,4.47155,2.66743,2.55765,1.47117
71,6.50446,4.12737,1.8259,4.31526,1.03495,2.52939,2.69374
72,4.38819,2.09629,2.22412,4.17407,1.69567,1.47208,1.54321
73,4.18211,1.31023,1.35599,4.26851,1.95585,1.13304,1.9777
74,7.13158,3.54693,2.71804,4.12055,1.20634,2.38973,1.60356
75,3.53414,1.19429,1.64101,2.23699,2.08689,1.30987,1.11227
76,6.61631,3.00145,1.49943,4.749,1.60466,2.54594,2.83187
77,4.28681,1.80991,1.36452,3.96997,1.57653,1.0733,2.20837
78,3.21687,1.19102,1.58109,3.54077,1.04629,0.88056,1.52013
79,3.97984,1.97564,1.64792,3.69255,1.89192,0.8127,1.18589
80,5.54676,2.55436,2.095,3.38413,1.59333,1.39329,1.31982
81,6.28724,4.10517,2.36925,4.78315,2.09977,1.11656,2.39705
82,6.02502,3.05169,1.44679,3.25145,2.26214,2.53484,2.1927
83,3.91857,2.39601,3.0863,3.36962,1.96871,2.69038,3.08924
84,5.33849,5.65915,1.90465,4.45821,1.96333,2.07372,2.45811
85,6.27538,5.58007,2.21711,5.17696,2.14886,2.18594,2.01648
86,5.98922,1.33422,1.60661,2.32057,1.25465,2.78644,1.92132
87,6.17781,2.73947,2.3481,3.73506,1.39393,1.38241,1.21392
88,4.89379,2.22834,1.80416,2.92969,2.19343,1.35813,1.69769
89,6.8053,1.83169,2.33345,4.23452,1.61394,3.59404,2.31438
90,4.73743,1.45226,2.8785,4.37266,2.21342,2.20489,1.3302
91,3.37961,0.92798,2.36594,2.87249,1.17895,2.23289,1.92708
92,4.21644,2.25338,1.56692,4.10411,1.67176,1.12795,2.11452
93,8.15413,2.46977,2.54499,3.99236,1.6467,2.72426,1.47377
94,5.19754,2.60884,1.50242,4.49916,2.34769,1.11295,1.60824
95,4.73591,3.17013,1.9637,2.59237,1.48507,1.74573,1.61824
96,4.91352,1.11124,2.20467,4.11404,1.22548,1.27321,1.85351
97,6.93035,2.5696,1.99543,4.93175,3.23046,1.61321,2.26769
98,6.52779,5.50991,1.82855,4.60962,2.6726,2.14507,2.45348
99,4.39557,0.60679,2.41685,2.12526,1.1107,3.32746,1.30566
100,4.1441,2.97241,1.77908,4.30393,1.90604,0.88181,1.45327
101,7.16445,5.95471,2.34786,4.86396,2.41057,2.02186,2.37152
102,4.50997,3.5132,2.04598,4.54216,1.01486,2.1658,1.88326
103,4.57599,1.32399,1.65877,3.92458,1.54304,2.67222,1.70646
104,5.47223,2.23143,2.57089,3.34942,1.54729,1.39125,1.52492
105,6.01277,1.91877,1.22494,3.73913,1.53756,1.67353,1.8669
106,4.67848,1.25071,1.65042,2.29657,1.29849,1.40749,1.82979
107,4.24371,3.51541,2.48848,3.72126,3.32743,1.98154,1.52891
108,5.3301,1.02706,1.93796,3.22981,1.06871,1.40738,1.55978
109,4.8687,1.1443,2.1755,2.7892,1.47713,3.11154,1.46982
110,4.77757,4.25448,2.60006,2.55395,0.85988,2.36155,2.28607
111,7.66118,3.15249,1.72195,3.65949,1.06171,3.49528,2.56491
112,4.62116,1.61667,2.04355,3.19715,1.43266,2.86619,1.64176
113,3.9085,1.38419,2.55614,3.46046,1.45926,3.60693,2.06454
114,7.58187,1.0318,1.9759,2.88341,0.94758,1.94702,2.42212
115,4.6567,1.67693,2.13264,2.82316,1.69455,2.83148,1.9236
116,4.1423,2.65758,1.60337,3.97613,3.50897,2.28157,1.81145
117,7.24518,3.47545,2.98038,4.5163,1.60633,2.48173,3.06922
118,5.39123,2.459,1.69079,4.99156,1.44909,2.72827,2.4069
119,5.08851,1.46763,1.99013,3.1708,1.67301,1.33977,1.52886
120,5.22135,4.4824,1.83347,3.75844,2.20596,2.09118,1.99622
121,4.54746,1.38807,1.77103,4.2787,2.74295,1.50055,2.22306
122,4.60183,2.37421,1.57457,3.05757,2.45972,1.93215,1.48595
123,3.80656,2.8203,1.91916,3.38679,2.69021,1.30849,1.87294
124,5.18617,2.26097,1.26548,4.68505,3.0539,1.95872,2.21921
125,3.70272,1.97074,1.34256,1.48159,2.05551,1.77447,3.89445
126,4.8416,3.63053,1.44166,5.59136,1.72651,1.368,1.93159
127,3.35306,3.1331,2.18407,2.49755,2.64913,2.36323,1.36992
128,4.92497,1.3565,2.00243,3.12222,1.35605,2.43086,1.62441
129,4.80932,3.37292,2.05944,5.649,2.53703,2.29848,2.08967
130,4.73071,2.40737,1.55748,4.31011,2.9566,1.40403,1.67223
131,5.57998,2.30671,1.90922,4.44907,1.98092,1.60192,1.28753
132,5.95238,3.69124,1.91726,5.20872,2.73372,1.43266,2.06824
133,5.99798,5.34176,1.97445,4.44862,1.78709,2.36961,2.05009
134,4.48382,1.65431,1.1787,3.86168,1.97321,0.96835,2.08757
135,7.499,4.24537,1.57194,4.93188,1.45158,1.5731,1.98465
136,3.77707,0.7474,1.82544,3.00846,2.08657,2.51558,1.46774
137,5.69031,4.63476,1.95053,4.02694,1.88507,2.43669,2.26516
138,3.57737,3.02637,1.8287,4.05031,2.33332,1.247,1.92052
139,5.91741,1.79599,2.18669,4.14233,1.02877,2.44054,2.42893
140,4.92651,3.4261,1.6366,4.31223,1.84127,3.17632,1.94662
141,5.88959,2.75769,1.58153,2.89424,1.36271,1.49517,2.79471
142,2.9916,1.85359,1.90412,2.81523,1.84612,1.38723,1.66177
143,4.57553,3.20956,1.89415,3.53178,2.19429,1.70665,2.23927
144,4.44483,3.96977,2.25102,6.23165,1.97965,3.57612,2.02801
145,4.95037,2.32303,2.51877,2.84289,1.43622,0.79724,1.64656
146,6.51801,3.73239,1.76043,4.01696,1.03583,2.83672,3.29165
147,3.80864,2.72579,1.87183,2.84894,1.94892,1.5787,1.43828
148,5.29495,1.77703,3.0971,3.88518,1.33783,3.00193,1.53034
149,4.59922,3.1318,2.53599,4.89542,1.97075,1.53669,1.88942
150,4.60242,2.15893,1.62645,2.80995,1.40647,1.17853,2.56237
151,3.32527,1.63918,1.49224,2.09346,0.96045,2.63864,1.02371
152,6.09326,2.08325,2.066,3.24042,0.80136,2.13177,1.88214
153,4.46449,1.3012,1.99416,2.82304,1.8004,1.73379,1.79767
154,5.67372,2.24026,2.70863,3.21002,1.15974,2.58542,1.76016
155,5.47973,2.05603,2.24061,4.43467,1.16956,2.37471,2.13784
156,4.57889,2.86592,1.59279,5.26064,1.88639,1.26738,2.39143
157,5.52909,3.40246,1.82,4.7771,1.48818,2.09517,2.2734
158,5.7836,2.03946,1.59206,3.68477,1.62771,1.2023,1.64558
159,6.80885,2.48009,1.50154,4.47738,1.16895,2.879,1.96253
160,4.45828,1.57414,1.66453,2.6959,2.18975,1.11828,1.84391
161,5.56607,2.59064,2.377,4.25208,2.80302,2.4206,3.42962
162,7.24195,1.75717,1.86194,5.06986,1.11786,3.56638,2.11797
163,5.78379,2.09696,1.0732,5.25308,1.46369,2.34433,2.07314
164,6.49341,4.11125,1.98401,3.40429,2.77015,2.42494,2.00801
165,4.77832,1.74809,1.97614,1.90719,1.18547,1.83788,1.57203
166,3.87761,1.88804,1.55051,3.73052,2.88369,1.3699,2.34455
167,6.12231,4.44676,1.6405,4.07601,1.76826,3.15415,2.50808
168,2.76911,2.75885,1.96335,3.38039,2.85078,2.74991,1.54727
169,5.54541,4.15057,2.07225,5.03268,1.42746,1.91515,3.05241
170,5.38701,1.67774,1.87118,3.35466,0.95369,1.6777,1.7888
171,4.532,2.23864,2.24764,5.61269,1.28803,1.69325,2.98674
172,5.40943,4.81345,1.72536,3.25042,2.75616,1.98327,2.87782
173,3.6725,1.93856,1.91794,3.06209,1.67222,5.11847,1.01918
174,5.14032,1.07954,2.52623,3.39551,1.70981,1.5869,2.39
175,6.70205,1.82313,1.61474,4.69671,2.01457,3.62912,3.1943
176,5.16699,1.62932,1.90235,2.47021,1.45736,2.42772,1.60427
177,4.66059,1.39957,2.39192,2.59461,1.91936,1.03971,1.65827
178,5.7665,3.96817,1.00967,5.22722,1.75223,1.4513,2.31586
179,4.35811,2.47722,2.43869,3.91411,2.72234,1.96686,1.86093
180,5.69349,4.10846,2.20512,4.50025,1.82694,1.64053,2.52981
181,3.55327,1.19295,3.50584,3.61363,1.00705,3.36568,2.56598
182,4.8916,2.26218,1.32217,3.88036,2.66292,1.49242,1.8824
183,5.82986,1.4356,1.56882,3.41024,1.38851,1.97391,1.72453
184,4.60704,2.51283,1.45344,3.55413,2.16234,3.0974,1.4457
185,4.99477,1.72895,1.90754,4.78112,2.69461,1.56823,2.08883
186,5.28446,3.44555,1.82159,4.72471,1.68984,2.88999,1.78104
187,4.65735,2.2869,2.15883,4.0783,2.01807,1.63546,2.12251
188,5.53515,1.64486,1.33307,3.40887,1.88501,2.64854,2.0376
189,7.501,3.60231,3.1224,6.74911,2.71697,1.32624,2.47968
190,3.38107,5.16513,1.50546,6.36731,1.91436,2.45221,1.8566
191,4.23193,4.02349,1.93568,3.43004,4.31663,3.32263,1.28747
192,5.16674,3.06309,1.87724,3.48064,1.40601,2.14928,1.71237
193,4.99293,1.44635,1.2725,3.10077,2.06914,1.99811,2.3811
194,5.37016,2.37464,1.83957,4.3594,1.91982,2.02147,1.93576
195,6.71724,2.66831,1.98028,2.38664,1.78595,2.98201,2.45735
196,5.38838,3.08161,3.26046,5.14373,2.28711,2.35976,1.87547
197,5.04301,3.40385,2.251,4.53319,3.18118,2.00075,1.55442
198,3.96941,2.36612,1.55574,2.86735,2.25324,1.7275,2.28318
199,5.01147,1.22334,1.85426,3.51442,0.62349,2.26443,2.20892
200,4.28264,1.19463,2.153,3.53509,1.10572,2.55468,1.47658
201,4.65761,1.4992,2.49962,3.73551,1.56579,3.4445,1.91554
202,5.54697,1.16282,1.86387,2.13882,1.74395,1.75456,1.49158
203,4.07916,3.63355,1.60381,3.89699,2.9638,3.32315,1.41271
204,5.44953,4.69174,1.6573,3.04356,1.47726,1.41914,1.80618
205,5.10341,1.82662,2.91848,4.25112,1.1743,1.58572,2.01003
206,5.81723,4.00975,2.05407,4.87714,1.93089,2.32444,1.70379
207,5.16149,1.41978,1.73069,3.13621,1.64427,1.53157,1.62816
208,6.24092,1.55037,2.21838,5.00608,0.83831,1.63231,1.31589
209,5.06301,2.34982,2.32587,4.92713,1.80853,1.41721,2.51462
210,5.74538,2.13584,1.91894,2.78779,1.72585,2.23418,1.83926
211,3.59566,3.87802,2.30499,3.90896,3.77316,2.47346,1.63122
212,4.57848,1.96525,1.2965,3.22462,2.53225,1.1292,1.63913
213,5.19226,2.74687,2.55734,4.90267,0.91467,2.39173,1.9908
214,5.85287,4.08868,1.53126,5.21932,2.85929,1.81651,2.69392
215,6.41987,1.83629,1.53707,3.87573,1.07733,3.37918,2.18925
216,5.53314,1.00483,1.01811,2.30148,1.78464,0.89808,1.555
217,2.27236,1.78768,0.89986,4.85378,1.45604,1.44882,1.88701
218,5.14841,0.94628,2.64905,3.51514,0.8668,3.23136,1.85244
219,5.72527,1.89895,1.81633,4.10585,1.15198,2.80309,2.28555
220,6.11268,4.04619,2.3239,4.37747,2.12837,1.96528,2.66978
221,7.44163,3.98898,1.80788,5.01845,1.34633,2.08762,2.29013
222,6.25019,2.61054,1.64537,4.27705,2.28026,3.07854,1.85568
223,6.33503,4.08329,2.70623,6.58723,2.67386,1.37869,3.7431
224,4.17997,1.90305,1.97735,2.45725,2.0335,1.21711,1.55093
225,4.02193,1.38625,2.30221,3.78668,0.67483,1.81129,1.4215
226,5.39103,4.35971,1.93718,3.69683,1.74979,2.28909,3.22257
227,6.46573,3.77118,2.47773,4.73066,1.34834,2.39476,1.94735
228,3.98849,3.09807,1.83757,3.90803,3.37703,2.6809,1.42475
229,5.19867,1.8355,1.85078,3.648,1.73787,2.12463,1.57322
230,5.78336,1.34097,1.82563,3.04824,1.07039,2.28435,1.51305
231,6.3844,4.94995,1.95936,5.43076,2.64057,2.03054,1.94195
232,5.05141,0.9814,1.86964,3.772,1.89311,4.17292,2.30177
233,4.57795,1.10324,1.70845,2.60556,0.95164,1.38843,2.0962
234,4.82276,1.38,2.3387,3.26082,1.46818,0.91335,1.83694
235,5.63323,2.36285,2.88436,4.00122,2.11889,2.45401,1.96197
236,4.23046,3.32436,1.69291,3.50397,3.84669,2.23872,2.07834
237,4.54566,2.80851,1.02213,1.94493,1.06594,2.04919,1.29763
238,4.74843,2.27848,1.64585,2.48728,1.27812,1.70228,1.92338
239,4.94107,1.67968,1.89083,3.97677,1.44664,2.61139,2.09967
240,5.35067,2.64253,1.89302,4.87866,1.76719,1.57891,2.51046
241,3.78324,2.56417,2.04128,2.47472,1.47137,1.11618,1.80396
242,6.48757,4.5107,2.64896,5.37861,1.67675,1.56074,2.74268
243,6.02645,1.84597,1.27306,3.58351,2.20916,1.98566,1.71556
244,4.05594,1.16665,1.66131,2.28759,1.0821,2.08226,1.37306
245,5.76657,3.70756,2.14627,4.31301,1.73075,1.22438,2.28674
246,5.0613,2.01503,2.67074,3.28045,1.37078,1.52153,2.218
247,6.38287,2.80383,1.46782,3.22396,1.27497,2.70621,1.96602
248,7.65706,4.79268,1.55019,4.18717,2.31261,1.61107,1.88273
249,6.51091,0.8514,2.04468,3.40924,0.92195,3.35291,1.97378
250,7.13549,3.4833,3.13983,4.36847,2.0891,2.49249,2.61459
251,4.00893,3.4911,1.62277,3.57128,3.41366,2.88711,1.39994
252,5.21641,3.128,1.79217,5.11635,1.39295,2.15614,2.52224
253,3.44511,1.35195,0.98867,2.25775,1.36851,1.23766,1.14794
254,6.91257,3.44232,3.27353,3.14803,1.83148,2.27786,3.03309
255,6.47152,3.90393,3.14164,7.91465,1.75547,1.20552,2.64591
256,7.87727,3.9007,2.40478,4.63462,1.9903,3.54418,1.87787
257,5.58327,1.48686,3.42164,4.21907,1.7264,1.82135,2.49529
258,4.02592,1.24387,1.37723,3.92315,1.64085,2.70525,1.62851
259,4.80487,1.44747,4.14676,3.91278,1.86586,3.24957,1.56244
260,4.59783,1.9965,1.86766,4.23593,1.74141,1.17306,1.84126
261,5.88718,4.31357,2.28033,5.28535,2.00862,1.70145,2.92562
262,4.16181,1.34271,1.34453,2.55432,1.74005,1.81496,1.06593
263,4.49072,2.90282,1.97518,3.29871,3.84807,2.21594,1.56222
264,6.04487,2.46449,2.17849,4.53953,1.89269,1.71074,2.31862
265,5.89802,2.36321,2.85345,3.73149,2.58413,2.60717,3.06835
266,5.98966,3.34207,2.15801,4.81577,1.4862,2.48392,2.04085
267,5.63423,2.884,2.45946,4.62044,1.766,1.35083,1.10864
268,6.9458,2.63391,1.97808,4.59755,1.23473,3.33703,2.47315
269,6.4101,4.8156,2.24825,4.96591,4.20019,1.76927,2.79962
270,4.86581,2.01753,1.8404,2.73602,1.44249,1.4992,1.70085
271,4.00027,3.74225,1.19737,6.24941,2.24544,2.19323,2.28346
272,4.18881,2.0883,1.42206,7.56204,0.97148,1.55665,3.14502
273,4.53836,2.321,1.77941,2.7922,2.23975,3.77319,1.83277
274,6.35022,3.16919,2.19099,3.99095,1.0755,2.90778,1.68228
275,5.9673,1.14028,1.99606,3.85838,1.51017,2.69908,2.15252
276,5.69515,4.94311,2.57727,5.36581,1.48623,1.54243,2.09508
277,4.4482,4.03408,1.61986,2.84783,4.04957,1.73323,2.12784
278,4.23658,1.83896,2.17555,2.69652,1.26488,2.12941,2.08568
279,7.57949,4.95529,1.30305,6.25956,1.48268,1.91222,2.21991
280,4.01413,1.18861,1.4028,2.32799,1.98093,0.82854,1.82249
281,4.96067,1.9405,1.64616,3.46989,1.73044,1.03295,1.10148
282,5.85121,3.85039,2.11012,2.90732,1.22687,2.67263,1.97199
283,6.20687,3.84951,2.33078,6.48135,1.62604,2.00665,3.65248
284,4.07814,3.13144,1.44184,2.32307,2.8759,1.66559,1.33793
285,4.45804,0.74831,1.30342,1.89897,2.1884,1.99416,1.76235
286,5.12667,0.99036,2.26184,3.39626,1.63682,1.28346,2.20282
287,3.67715,1.05823,1.56354,3.4773,0.95666,2.64577,1.63141
288,5.65262,1.46199,2.2127,2.40517,1.6047,3.30207,2.14876
289,5.77539,2.6269,1.91488,4.16899,2.19364,1.08251,1.75193
290,5.69649,2.19057,2.26405,2.82853,2.40845,2.46348,1.64955
291,5.31624,3.13482,1.62383,4.40357,1.14177,1.65239,3.07141
292,4.91283,2.05881,2.83786,4.36972,0.95731,2.13187,1.82133
293,6.34601,4.71119,1.87946,4.14598,1.3417,1.68838,2.78118
294,6.52591,3.84843,1.37842,4.87326,1.13062,2.06443,1.80852
295,5.30433,1.67014,2.62964,3.91962,1.03091,3.19428,1.72537
296,5.66712,2.32392,1.97161,3.65366,0.80593,2.59144,2.33607
297,4.5801,2.44771,1.06565,4.25235,2.35735,1.95076,2.62091
298,4.22768,1.35608,1.21604,7.06607,1.48745,1.35694,3.3299
299,5.84599,3.57538,2.07033,6.27875,1.94707,2.16011,2.46318
300,4.2304,0.97195,1.58506,3.49505,4.34157,2.64695,1.63251
301,3.73447,1.63941,1.45336,7.95828,1.42442,1.47786,3.72104
302,6.33157,1.79179,2.49836,4.75562,0.97113,3.77819,1.82188
303,4.24059,1.93622,2.10601,3.63635,2.92797,1.61962,2.59061
304,6.37789,3.8893,2.4455,5.10103,2.33071,2.24892,2.29801
305,5.22611,2.35959,2.7197,3.4786,1.50843,1.18093,1.30525
306,5.29749,1.6367,2.3168,5.41386,1.81693,2.85906,2.53917
307,4.03241,0.98168,1.53639,2.49088,1.89339,1.16157,2.60607
308,3.91122,1.54876,2.68967,3.58915,1.52476,2.20985,1.85646
309,5.93994,3.31491,2.30623,3.52647,1.17812,2.46125,2.13739
310,5.55531,3.81845,2.01795,4.53381,1.79342,1.69025,3.1435
311,4.36043,1.74181,1.55362,4.85292,2.64944,1.47067,1.44663
312,4.56499,1.62616,3.26621,4.19588,1.66588,1.61376,2.06263
313,5.40901,1.04791,1.26431,2.52304,1.11833,2.16329,1.87493
314,7.40707,3.6068,1.85384,4.22739,1.78113,2.9487,1.50325
315,7.06607,2.46067,1.74502,4.29875,1.84967,1.9263,2.33446
316,6.12185,2.33888,2.11575,3.13648,1.51898,2.17405,1.58218
317,4.93952,1.44741,1.57906,3.18805,1.79523,1.82158,1.68626
318,3.56274,1.54813,2.03763,3.70063,1.81615,1.08871,2.12334
319,5.4182,1.71075,2.20566,3.86424,2.80496,1.9895,2.50051
320,5.95512,3.2691,2.05067,5.22494,1.27791,1.78244,2.46898
321,5.11816,2.34305,2.06988,3.78499,1.72314,1.33887,2.32601
322,6.10568,2.22429,2.88156,5.17114,3.82613,2.0481,2.80639
323,5.35689,4.2896,2.25953,7.48426,0.97328,1.13539,1.96143
324,5.70919,2.17337,2.51361,4.01124,0.98579,4.08579,2.42935
325,3.02138,4.44945,1.37057,6.99075,5.02241,1.12505,2.51759
326,3.50415,3.34616,1.07181,4.59112,1.71299,1.06926,2.66041
327,4.63114,2.99819,1.3439,3.97694,1.21149,2.57632,2.46541
328,2.52569,3.31194,1.58927,6.34948,3.32333,2.30129,3.01687
329,5.88502,4.05592,2.24632,3.59882,2.46278,1.2402,2.40675
330,7.2798,3.61463,1.88257,4.80653,2.06044,2.78262,2.30816
331,5.42442,1.86857,1.99567,3.5489,1.4315,2.56771,2.16083
332,5.04953,2.5703,2.28251,4.74366,1.2166,2.1374,1.90499
333,4.69702,4.9261,1.90412,6.13713,2.17158,2.12268,2.17833
334,5.05236,1.67751,2.81603,4.19095,1.35388,2.38849,1.35012
335,5.64134,3.96772,2.9293,3.87235,4.13522,6.10651,2.68662
336,4.66807,1.24195,1.03679,2.38849,2.3524,1.76646,1.58413
337,5.41187,3.27676,2.17143,4.61578,1.55777,0.88254,1.97255
338,4.56556,1.67738,1.90035,3.59196,1.922,2.05714,2.49795
339,6.17608,3.0775,1.8787,2.82359,1.0393,2.59696,2.56471
340,7.36495,5.84288,2.44205,5.68446,1.68426,2.258,1.99151
341,7.09747,3.56047,1.6463,4.7321,2.28526,2.28256,2.34319
342,8.42668,4.26514,2.76583,5.09424,1.62516,2.54583,1.43242
343,3.199,2.07194,1.04386,6.01597,1.52431,1.5405,2.23731
344,6.78195,5.01718,2.50518,6.62959,3.95519,3.19168,2.62162
345,3.68398,1.5618,2.2349,2.44869,1.89061,1.46567,1.80789
346,5.56032,4.01844,2.13035,4.30893,1.47232,2.46087,1.82725
347,4.14944,1.78941,1.65179,2.93056,1.67362,0.8918,1.84055
348,3.83212,1.31699,1.27117,2.12304,1.49615,1.39274,1.94512
349,7.77019,1.99805,1.94883,4.2792,2.19102,3.95027,1.83732
350,5.47301,1.96904,2.02495,4.46441,0.81115,2.18048,2.10906
351,4.34253,3.65054,1.62802,6.86256,1.09525,2.35161,2.13787
352,3.29344,0.88345,1.71814,2.68716,2.32029,1.84447,1.89327
353,4.10502,2.80843,0.93347,2.43325,3.27782,1.84677,1.31548
354,5.29874,1.90491,2.58935,4.06953,1.29158,6.16172,2.23264
355,3.34134,1.71783,2.1582,6.0087,2.34516,2.39282,2.11479
356,4.46435,5.12311,2.29696,5.56206,2.90926,2.75978,1.92457
357,3.9033,2.63544,2.71173,5.61546,2.08876,2.51802,2.02431
358,5.39489,5.68653,1.70475,5.24251,1.14188,2.47924,2.07059
359,3.8614,3.12657,1.54456,3.67534,2.10826,2.53951,2.76227
360,6.93289,1.90817,2.30981,3.88554,1.29201,3.54624,2.18143
361,4.90042,2.81189,1.48614,5.59171,2.45731,2.70589,3.04616
362,9.04812,5.09505,1.93197,6.27599,2.56106,1.86991,2.27069
363,5.17605,3.42898,1.15042,5.07263,2.29156,1.65127,2.01877
364,5.24271,2.60288,1.87189,3.9208,1.27318,2.53511,1.87492
365,5.10258,5.98816,2.07812,4.73627,1.76036,2.65759,1.888
366,4.02937,7.37264,2.96952,6.17012,3.1326,2.39625,1.56274
367,5.51713,1.46596,1.90409,3.70632,2.00716,1.56614,1.62701
368,5.58307,2.26198,1.67021,2.73902,1.28796,1.59306,1.14228
369,4.54774,3.23645,1.58382,4.47049,1.62968,1.32541,2.56288
370,5.50767,1.53806,2.60388,2.42145,1.30401,2.63618,1.82092
371,4.49952,1.1205,1.44643,2.59398,1.43798,1.97816,2.28265
372,4.32772,2.61112,1.40922,2.54868,3.70728,1.00935,1.27022
373,5.54622,1.84161,2.23706,3.54563,0.85931,1.49875,1.84133
374,4.63222,3.04217,1.6774,3.73611,3.20816,1.6572,2.27784
375,5.2257,2.21077,1.62249,6.40502,3.16192,1.75684,3.17169
376,6.51999,3.63838,1.93256,2.84389,2.37132,2.66427,2.77801
377,4.39868,1.66624,2.54622,3.3446,0.96137,1.78633,1.18429
378,7.17502,3.84716,1.87725,4.46809,2.0327,2.65297,2.39899
379,4.56297,0.9265,1.91103,2.52252,0.97221,1.947,1.16501
380,3.81057,1.0557,1.2409,2.33539,1.69797,1.54626,2.09628
381,5.71979,2.02911,2.97791,4.31918,1.56368,2.24569,2.16411
382,6.54422,3.17827,2.33888,3.13276,0.86136,0.81121,1.5312
383,4.36814,1.76673,1.6208,4.69422,1.74745,1.95409,2.26545
384,5.25855,5.59079,2.03116,4.69601,0.92988,2.83807,1.82029
385,4.38195,1.37576,1.73536,3.31856,1.56032,2.70062,1.70235
386,3.9248,1.16413,2.53992,4.18678,1.70511,1.23073,2.23266
387,5.0399,3.10705,1.71846,3.79996,2.10252,1.63666,1.57101
388,6.51288,5.09617,2.04066,4.06601,1.4727,2.3358,2.63926
389,6.8556,3.17719,2.38555,4.82892,1.8456,2.14249,2.35331
390,5.59563,4.88539,2.07294,3.43548,1.24992,2.68445,2.27528
391,5.08786,2.52959,1.72436,6.61955,2.23238,1.54945,2.18823
392,7.453,1.61603,2.46958,4.60628,1.18445,2.49782,1.80266
393,2.47282,1.75683,1.73818,4.01402,3.30765,2.21106,2.7085
394,6.6791,4.43923,1.8796,5.6974,1.35507,2.65986,2.89961
395,6.07909,1.74195,1.86864,3.5999,1.03156,3.10592,2.24044
396,6.00045,1.89112,2.56222,4.21161,0.78459,3.33247,2.20254
397,6.29455,6.19797,1.6779,6.09912,2.1952,1.3183,2.66639
398,7.06049,3.29219,1.89398,4.66222,2.05483,3.2872,1.85334
399,4.25527,5.21492,1.70719,7.06798,2.16286,2.70678,2.252
400,6.54867,3.99395,2.32071,3.87668,1.83941,1.81369,2.68633
401,5.50442,2.22274,2.02825,4.41059,2.00556,2.33113,2.34461
402,5.21443,2.05315,1.45863,3.24364,3.27625,2.44793,2.22634
403,4.73241,1.01891,1.3128,2.3076,1.73805,2.30029,1.54719
404,4.00495,1.22135,2.56663,3.70192,1.2351,3.1916,1.56225
405,5.07481,4.30443,1.70688,4.34825,3.69333,1.91241,1.35481
406,4.94363,1.97613,1.83907,2.41966,1.81196,1.34202,1.71181
407,7.96613,3.38099,2.45422,4.90054,1.84747,2.91687,2.25045
408,6.389,3.46587,1.83859,5.45825,1.76134,2.21563,2.4166
409,6.2143,2.96328,2.10545,5.36834,1.33625,2.95346,1.95298
410,4.09231,1.93555,2.20665,3.22895,1.53485,1.54808,2.55856
411,6.26693,0.78205,2.79608,4.37077,1.36778,2.47415,2.2009
412,4.88164,1.23074,2.65277,3.60535,1.47433,3.23695,2.06795
413,3.60255,1.28273,1.62787,3.46588,1.36318,2.53115,2.29483
414,6.21046,1.77061,1.85792,2.36924,2.0437,4.84918,1.72528
415,5.11106,1.383,1.67583,2.69276,3.02269,2.074,2.02985
416,4.97398,3.75341,1.72332,4.49215,1.18104,1.90416,2.22821
417,5.54542,1.42075,1.52209,5.33566,1.69046,1.19342,2.01474
418,7.04809,3.37465,1.90994,4.76207,1.44201,2.22997,1.80218
419,5.4223,2.12744,1.56849,4.10053,1.57844,0.9666,2.29704
420,4.35595,3.95556,1.69803,3.55782,2.76177,1.08957,2.56824
421,5.23728,2.30035,1.92106,3.81527,1.28733,3.25976,2.1297
422,4.67365,4.81416,1.87066,4.47338,2.46661,1.97789,1.53594
423,5.17312,2.20966,2.45474,4.90792,1.10425,2.63161,2.07823
424,6.08293,5.01788,1.49745,5.06088,3.33951,1.54528,2.37601
425,4.91879,1.45089,1.35996,4.0078,1.7553,1.47968,1.627
426,4.38897,1.6285,2.14342,4.61996,1.93554,2.10916,1.52087
427,4.79295,1.24273,2.04944,3.55796,1.15998,3.15486,2.04936
428,5.5751,2.33679,1.99692,4.15021,2.14836,2.76398,1.68864
429,3.96446,1.86482,2.34746,2.45767,1.34503,2.28893,1.52079
430,5.33842,1.51162,2.37973,4.53078,1.26214,1.78694,1.75511
431,4.15231,1.75907,2.65202,4.97269,1.69946,2.12919,1.96949
432,5.12755,1.05248,1.94943,4.87714,1.33125,1.18181,1.86138
433,5.03224,1.21414,2.00558,3.91095,2.12213,1.98567,2.17253
434,5.12857,1.6967,2.27743,3.72543,0.90213,2.83769,2.09143
435,5.25349,3.26414,2.77084,3.78494,1.90129,2.09267,1.81676
436,4.7034,2.48047,1.74547,2.27144,2.14565,1.44902,1.6551
437,5.4403,1.47396,3.01418,6.51822,1.41785,1.57075,2.30174
438,7.31782,4.03103,1.83864,4.47568,2.35575,2.04141,1.55559
439,4.88245,3.79162,1.57652,4.53471,2.96582,3.53228,1.60829
440,5.54309,1.84755,1.62903,3.15283,0.83819,2.0664,2.02187
441,3.58066,2.12114,1.18006,3.58563,1.94319,2.5234,1.91744
442,4.40198,2.50577,1.49349,3.72884,1.0757,3.36101,2.18744
443,2.75044,1.98621,1.6583,3.20078,1.40701,1.60398,1.79652
444,5.16526,2.60351,2.33866,5.14601,1.61879,3.07092,2.06953
445,6.99504,2.63139,2.39261,5.35547,0.96556,2.53898,1.35033
446,4.51762,1.93778,1.64617,4.41111,1.30644,2.36492,2.43358
447,4.73182,1.20118,1.92236,1.59595,1.43854,2.48116,1.15346
448,4.25337,1.56051,1.74194,2.61303,1.89813,1.85267,1.677
449,4.40521,5.1643,3.27559,4.49201,1.03202,2.76874,2.59248
450,5.23979,2.14994,1.25694,4.52895,1.30591,1.64007,1.76398
451,5.50132,2.83532,1.68679,3.98565,1.33159,1.31759,1.84829
452,6.49331,5.37637,1.93618,4.55252,2.63639,2.2647,2.4233
453,6.29059,4.15626,2.95883,6.68842,2.0755,2.54649,2.6656
454,4.33039,1.38452,1.33426,3.08959,1.45411,1.84014,1.77844
455,6.01601,1.42211,1.82815,3.35462,1.36644,2.50323,1.94935
