idx,corr0,corr1,corr2,corr4,corr8,corr16,rmse0,rmse1,rmse2,rmse4,rmse8,rmse16,slp0,slp1,slp2,slp4,slp8,slp16
131571,0.59,0.64,0.68,0.69,0.73,0.74,27.03,25.73,24.91,24.52,23.82,23.57,0.29,0.34,0.36,0.38,0.4,0.41
221241,0.73,0.88,0.88,0.9,0.89,0.88,17.0,12.17,12.05,11.12,11.34,11.45,0.4,0.61,0.62,0.67,0.74,0.75
437122,0.64,0.71,0.79,0.81,0.8,0.83,16.04,15.17,13.87,12.89,12.95,12.0,0.37,0.4,0.47,0.51,0.51,0.56
633471,0.66,0.72,0.76,0.8,0.79,0.8,16.42,15.33,14.37,13.58,13.58,13.22,0.34,0.4,0.44,0.51,0.51,0.53
221282,0.7,0.75,0.86,0.91,0.91,0.92,15.94,15.25,11.49,9.22,8.92,8.74,0.38,0.46,0.62,0.78,0.79,0.8
131161,0.64,0.87,0.88,0.94,0.94,0.94,22.88,15.89,15.34,12.42,11.95,11.8,0.34,0.57,0.58,0.7,0.72,0.73
735362,0.61,0.73,0.77,0.81,0.82,0.82,19.34,17.08,16.22,15.26,14.83,14.9,0.29,0.39,0.43,0.47,0.5,0.49
131411,0.69,0.74,0.82,0.89,0.9,0.92,19.84,18.85,16.56,14.37,13.95,11.95,0.39,0.42,0.52,0.66,0.64,0.74
132118,0.66,0.87,0.91,0.91,0.92,0.91,17.42,12.21,10.98,10.58,10.2,10.25,0.35,0.58,0.62,0.64,0.66,0.68
823681,0.63,0.84,0.92,0.94,0.93,0.93,21.29,15.55,11.48,10.07,10.18,10.11,0.32,0.57,0.76,0.85,0.88,0.89
131612,0.69,0.82,0.86,0.87,0.87,0.87,17.65,14.58,12.93,12.29,12.34,12.19,0.4,0.54,0.6,0.65,0.65,0.64
735161,0.51,0.62,0.65,0.73,0.75,0.74,20.98,19.25,18.66,17.1,16.46,16.73,0.26,0.35,0.37,0.44,0.47,0.46
336112,0.49,0.81,0.85,0.85,0.85,0.85,24.19,16.75,15.72,15.57,15.13,15.32,0.22,0.61,0.67,0.67,0.67,0.65
111273,0.63,0.78,0.87,0.93,0.94,0.95,20.1,17.45,14.98,11.59,10.79,10.28,0.32,0.44,0.58,0.71,0.76,0.79
221283,0.7,0.73,0.77,0.9,0.91,0.91,16.6,15.89,15.17,10.43,9.79,10.03,0.4,0.43,0.47,0.68,0.71,0.73
437123,0.59,0.65,0.7,0.7,0.73,0.74,16.39,15.63,15.21,15.42,14.98,14.86,0.3,0.36,0.41,0.4,0.43,0.44
131202,0.58,0.82,0.85,0.89,0.89,0.9,22.17,15.83,14.66,12.59,12.16,11.5,0.26,0.56,0.61,0.72,0.74,0.81
131558,0.7,0.77,0.76,0.81,0.79,0.77,25.12,23.17,23.32,22.37,22.98,23.33,0.38,0.43,0.43,0.46,0.44,0.44
238511,0.62,0.69,0.69,0.72,0.77,0.76,14.83,13.88,13.81,13.27,12.22,12.49,0.32,0.36,0.37,0.41,0.52,0.53
735201,0.64,0.71,0.76,0.77,0.79,0.79,17.92,16.56,15.54,15.11,14.57,14.79,0.33,0.4,0.44,0.47,0.49,0.47
111311,0.61,0.82,0.94,0.95,0.95,0.96,21.61,16.02,9.26,8.87,8.45,7.63,0.31,0.54,0.85,0.88,0.9,0.92
437121,0.62,0.74,0.78,0.79,0.8,0.8,19.11,17.82,15.98,15.86,15.09,15.15,0.31,0.59,0.66,0.74,0.74,0.74
633472,0.62,0.7,0.73,0.72,0.74,0.74,17.7,16.26,15.77,15.83,15.59,15.41,0.32,0.39,0.41,0.41,0.42,0.43
221281,0.74,0.9,0.91,0.94,0.94,0.94,15.54,11.14,9.68,8.32,7.97,7.89,0.42,0.65,0.76,0.82,0.85,0.85
238129,0.7,0.77,0.85,0.93,0.92,0.93,13.88,12.58,11.06,8.78,9.15,9.19,0.39,0.49,0.57,0.89,0.9,0.92
541114,0.72,0.78,0.85,0.87,0.9,0.91,20.7,19.42,17.68,17.48,15.72,14.99,0.46,0.46,0.51,0.52,0.59,0.62
422114,0.68,0.9,0.92,0.95,0.95,0.95,17.18,10.46,9.22,7.62,7.51,7.55,0.4,0.7,0.79,0.92,0.96,0.96
238471,0.63,0.65,0.65,0.65,0.71,0.73,14.52,14.28,14.18,14.15,13.39,13.15,0.32,0.33,0.36,0.36,0.4,0.46
525121,0.61,0.76,0.85,0.87,0.87,0.87,16.97,14.06,11.82,10.92,11.14,11.03,0.31,0.49,0.75,0.83,0.84,0.84
735361,0.59,0.72,0.75,0.79,0.82,0.82,18.67,16.51,15.94,15.1,14.09,14.16,0.29,0.39,0.42,0.44,0.49,0.49
131374,0.63,0.76,0.82,0.84,0.85,0.86,23.59,20.19,17.98,17.21,16.37,16.07,0.31,0.45,0.54,0.6,0.64,0.66
131412,0.67,0.83,0.87,0.93,0.94,0.95,21.35,17.54,15.96,11.28,10.85,9.81,0.38,0.5,0.56,0.71,0.73,0.77
632432,0.71,0.72,0.76,0.79,0.81,0.81,14.74,14.73,13.91,13.29,13.21,14.01,0.43,0.44,0.48,0.53,0.55,0.6
131413,0.66,0.81,0.91,0.92,0.94,0.94,20.73,17.35,12.37,11.56,10.98,10.46,0.36,0.5,0.71,0.75,0.79,0.81
823641,0.61,0.88,0.9,0.92,0.94,0.95,22.37,15.45,14.38,11.73,10.06,9.5,0.31,0.56,0.61,0.76,0.86,0.88
336461,0.6,0.69,0.69,0.73,0.75,0.76,20.01,18.68,18.6,17.78,16.96,16.67,0.33,0.36,0.37,0.41,0.45,0.46
422115,0.66,0.78,0.88,0.9,0.9,0.91,17.03,14.34,10.98,10.18,10.13,9.36,0.36,0.5,0.68,0.71,0.72,0.75
131163,0.68,0.83,0.84,0.93,0.94,0.94,21.78,19.34,18.47,13.49,11.72,11.66,0.37,0.44,0.47,0.64,0.74,0.76
131611,0.68,0.78,0.8,0.82,0.84,0.85,17.68,15.12,14.58,14.13,13.48,12.97,0.39,0.51,0.52,0.53,0.57,0.61
735162,0.57,0.6,0.62,0.7,0.71,0.71,21.19,20.72,20.47,19.32,18.84,19.44,0.28,0.3,0.35,0.44,0.43,0.47
336111,0.59,0.87,0.89,0.9,0.9,0.9,23.44,16.36,14.64,14.59,14.54,14.68,0.31,0.53,0.59,0.59,0.6,0.59
238128,0.64,0.75,0.83,0.82,0.81,0.82,16.34,14.14,12.4,13.16,14.89,14.1,0.34,0.54,0.65,0.67,0.73,0.74
437120,0.66,0.85,0.89,0.89,0.88,0.87,16.18,11.74,10.14,10.13,10.71,10.97,0.37,0.67,0.78,0.83,0.85,0.83
131201,0.69,0.9,0.93,0.94,0.94,0.94,20.34,13.45,11.58,11.15,10.69,10.26,0.37,0.63,0.76,0.83,0.86,0.88
336501,0.55,0.66,0.65,0.7,0.71,0.73,20.17,18.44,18.78,17.85,17.53,17.17,0.26,0.36,0.39,0.44,0.46,0.49
324115,0.6,0.91,0.93,0.96,0.95,0.95,18.73,11.11,9.32,7.42,7.57,7.73,0.31,0.75,0.82,0.9,0.89,0.88
336511,0.66,0.68,0.7,0.71,0.74,0.74,18.64,18.28,17.84,17.74,17.26,17.14,0.36,0.38,0.39,0.39,0.41,0.41
131211,0.63,0.92,0.95,0.96,0.97,0.97,22.01,12.32,9.28,8.5,8.01,7.73,0.32,0.75,0.83,0.88,0.89,0.9
437124,0.63,0.66,0.69,0.71,0.78,0.8,16.99,16.48,16.03,15.81,14.67,14.07,0.34,0.36,0.38,0.39,0.47,0.53
221253,0.7,0.83,0.91,0.92,0.92,0.92,15.93,12.68,9.67,8.95,8.84,8.77,0.38,0.56,0.71,0.76,0.79,0.8
534411,0.63,0.69,0.72,0.74,0.77,0.79,18.86,17.55,17.03,16.77,16.17,15.83,0.32,0.5,0.51,0.56,0.59,0.6
437118,0.65,0.79,0.82,0.82,0.83,0.83,17.53,14.09,14.34,14.82,14.04,13.93,0.34,0.56,0.74,0.8,0.82,0.81
633463,0.61,0.77,0.83,0.85,0.86,0.86,20.0,16.48,15.01,14.4,13.3,13.16,0.31,0.47,0.54,0.56,0.63,0.64
221284,0.74,0.87,0.91,0.93,0.93,0.93,14.83,12.15,9.5,9.38,8.55,8.35,0.43,0.68,0.8,0.86,0.87,0.88
633311,0.69,0.71,0.71,0.73,0.72,0.72,31.77,31.01,30.97,31.18,35.27,36.1,0.42,0.43,0.43,0.41,0.32,0.3
111274,0.66,0.92,0.93,0.94,0.96,0.96,19.45,11.72,10.48,9.2,7.9,7.66,0.37,0.64,0.7,0.76,0.84,0.86
131601,0.63,0.67,0.7,0.69,0.72,0.73,20.85,20.41,19.69,20.07,19.05,18.69,0.35,0.45,0.47,0.49,0.52,0.51
541111,0.67,0.86,0.87,0.9,0.91,0.91,18.74,14.04,13.09,11.14,11.08,10.78,0.36,0.7,0.69,0.78,0.82,0.83
336471,0.57,0.61,0.68,0.69,0.73,0.74,22.72,22.26,20.76,20.42,19.73,19.39,0.28,0.29,0.35,0.37,0.38,0.4
131417,0.7,0.81,0.85,0.88,0.9,0.91,20.53,17.67,15.73,14.36,12.7,12.32,0.41,0.58,0.6,0.65,0.71,0.72
131371,0.58,0.74,0.74,0.86,0.83,0.85,22.75,19.6,19.5,15.37,16.43,15.79,0.28,0.4,0.41,0.57,0.54,0.56
823651,0.68,0.86,0.93,0.94,0.94,0.94,20.69,14.84,10.24,9.55,9.41,9.55,0.36,0.59,0.84,0.89,0.91,0.93
735371,0.6,0.61,0.64,0.71,0.71,0.72,16.48,16.32,15.82,14.53,14.63,14.31,0.28,0.3,0.34,0.44,0.44,0.46
131416,0.69,0.76,0.8,0.81,0.85,0.87,22.0,20.86,20.3,19.63,16.6,15.66,0.39,0.41,0.44,0.47,0.58,0.61
238461,0.68,0.69,0.72,0.74,0.73,0.74,15.25,14.99,14.4,13.85,14.13,13.77,0.35,0.46,0.46,0.47,0.47,0.5
735601,0.64,0.68,0.7,0.71,0.71,0.69,17.33,16.56,16.26,16.23,16.06,16.31,0.33,0.38,0.39,0.38,0.39,0.39
238111,0.63,0.91,0.93,0.94,0.94,0.94,15.46,8.62,7.45,7.12,7.07,7.1,0.34,0.73,0.79,0.82,0.83,0.83
336128,0.6,0.83,0.84,0.84,0.84,0.85,17.35,12.16,12.18,12.0,11.97,11.82,0.29,0.69,0.81,0.83,0.83,0.82
111261,0.64,0.91,0.93,0.95,0.96,0.96,19.08,11.71,10.78,9.16,8.42,8.35,0.35,0.66,0.72,0.94,0.99,1.01
633462,0.62,0.79,0.82,0.86,0.87,0.87,20.22,16.43,15.51,14.23,13.38,13.41,0.34,0.47,0.52,0.56,0.6,0.6
437119,0.68,0.77,0.79,0.8,0.81,0.81,20.06,18.9,18.81,19.09,18.41,18.53,0.38,0.53,0.56,0.6,0.64,0.64
111301,0.66,0.79,0.91,0.96,0.96,0.96,20.16,16.98,12.15,8.74,8.63,8.34,0.36,0.49,0.64,0.84,0.86,0.88
437125,0.65,0.68,0.75,0.77,0.82,0.81,17.27,16.91,16.2,15.61,14.14,14.19,0.34,0.34,0.39,0.41,0.49,0.49
437131,0.64,0.83,0.85,0.85,0.85,0.86,16.26,12.43,12.13,12.0,12.1,11.57,0.34,0.59,0.62,0.63,0.64,0.65
131562,0.66,0.76,0.8,0.87,0.91,0.91,22.05,19.68,18.45,15.35,13.0,12.97,0.35,0.43,0.47,0.59,0.68,0.68
238501,0.62,0.63,0.68,0.71,0.78,0.79,14.08,13.89,13.17,12.62,11.43,11.12,0.32,0.34,0.4,0.43,0.52,0.54
131212,0.63,0.92,0.92,0.94,0.95,0.96,24.06,15.0,14.28,13.06,11.77,11.02,0.33,0.61,0.64,0.69,0.73,0.76
437133,0.68,0.72,0.76,0.83,0.86,0.87,15.6,14.73,14.17,12.08,11.26,10.98,0.38,0.42,0.45,0.59,0.62,0.65
633312,0.59,0.67,0.69,0.7,0.71,0.74,15.67,15.25,15.22,15.33,15.04,14.79,0.28,0.46,0.49,0.5,0.51,0.56
238113,0.63,0.76,0.81,0.83,0.84,0.84,15.4,13.28,12.25,11.5,11.22,11.21,0.33,0.48,0.51,0.57,0.57,0.58
541112,0.59,0.73,0.76,0.8,0.83,0.86,19.05,16.56,15.68,14.65,13.75,13.08,0.31,0.42,0.47,0.57,0.65,0.68
735171,0.6,0.63,0.64,0.66,0.73,0.75,22.59,22.03,21.68,21.21,19.37,19.02,0.33,0.33,0.36,0.38,0.45,0.47
823691,0.58,0.77,0.79,0.81,0.8,0.82,25.1,20.19,19.41,18.71,18.92,18.19,0.26,0.46,0.51,0.55,0.54,0.57
131372,0.57,0.71,0.77,0.88,0.88,0.88,25.99,23.19,21.02,15.4,15.04,14.97,0.25,0.34,0.45,0.69,0.71,0.72
823652,0.62,0.89,0.94,0.95,0.96,0.96,25.08,15.97,11.07,10.16,9.67,9.24,0.32,0.61,0.79,0.82,0.84,0.86
131415,0.67,0.8,0.85,0.9,0.91,0.91,22.05,19.0,17.46,14.98,14.72,14.58,0.37,0.47,0.52,0.61,0.62,0.63
632151,0.58,0.62,0.64,0.62,0.62,0.53,19.6,19.07,18.91,18.97,18.94,21.4,0.28,0.3,0.3,0.31,0.32,0.31
541113,0.66,0.75,0.81,0.85,0.88,0.9,17.47,15.75,15.59,14.63,13.73,14.14,0.36,0.44,0.64,0.68,0.75,0.82
238112,0.66,0.9,0.92,0.93,0.94,0.94,16.01,9.79,8.93,8.03,7.88,7.8,0.36,0.65,0.7,0.76,0.77,0.78
111262,0.64,0.86,0.92,0.94,0.94,0.94,23.99,17.32,14.25,12.49,12.32,11.93,0.33,0.54,0.65,0.73,0.74,0.77
633313,0.58,0.68,0.69,0.69,0.71,0.71,21.98,21.33,20.85,20.55,20.38,20.34,0.28,0.3,0.31,0.33,0.33,0.34
221251,0.66,0.84,0.88,0.9,0.91,0.9,14.67,10.55,9.32,8.51,8.21,8.35,0.32,0.66,0.76,0.83,0.88,0.9
437132,0.61,0.84,0.84,0.85,0.86,0.87,17.72,13.42,12.85,12.37,11.9,11.9,0.32,0.52,0.55,0.58,0.6,0.6
131561,0.6,0.71,0.74,0.82,0.8,0.82,26.25,23.51,22.78,19.86,20.33,19.67,0.3,0.38,0.4,0.49,0.49,0.51
238203,0.73,0.8,0.81,0.78,0.8,0.79,14.87,13.79,13.5,14.17,13.63,13.56,0.44,0.47,0.49,0.46,0.49,0.5
437431,0.66,0.66,0.67,0.67,0.65,0.62,16.08,15.9,15.77,15.82,16.1,16.68,0.33,0.36,0.36,0.36,0.38,0.36
437141,0.66,0.75,0.81,0.8,0.82,0.82,16.52,14.87,13.67,13.33,12.79,12.74,0.35,0.43,0.49,0.54,0.56,0.57
633412,0.61,0.78,0.83,0.85,0.86,0.88,22.54,18.39,16.75,16.18,15.27,14.42,0.32,0.47,0.53,0.55,0.59,0.63
831152,0.63,0.88,0.92,0.93,0.93,0.93,24.41,15.84,13.42,13.18,12.62,12.48,0.35,0.63,0.72,0.74,0.78,0.79
238161,0.67,0.72,0.74,0.72,0.7,0.7,14.03,13.32,13.09,13.43,13.63,13.6,0.38,0.41,0.41,0.4,0.4,0.41
735117,0.57,0.75,0.77,0.88,0.87,0.87,18.79,15.63,15.09,11.09,11.44,11.4,0.29,0.45,0.48,0.72,0.71,0.71
633214,0.65,0.86,0.88,0.89,0.9,0.91,22.72,17.66,16.2,15.11,15.18,15.19,0.37,0.53,0.58,0.62,0.62,0.63
632122,0.62,0.68,0.7,0.69,0.71,0.72,18.7,17.72,17.47,17.57,16.93,17.5,0.32,0.36,0.36,0.37,0.41,0.39
238363,0.69,0.84,0.85,0.86,0.87,0.86,17.07,14.97,14.52,14.31,13.82,14.01,0.38,0.46,0.48,0.5,0.51,0.5
238377,0.64,0.77,0.78,0.81,0.85,0.84,17.8,15.29,15.26,14.83,13.24,13.13,0.34,0.45,0.45,0.47,0.54,0.55
238411,0.7,0.68,0.69,0.7,0.7,0.7,15.9,16.28,16.0,15.96,15.91,15.92,0.39,0.38,0.39,0.38,0.38,0.39
437551,0.66,0.66,0.73,0.75,0.76,0.77,14.28,14.23,13.17,12.75,12.51,12.3,0.35,0.37,0.41,0.48,0.52,0.56
525141,0.62,0.83,0.87,0.91,0.93,0.93,20.59,15.51,13.01,11.34,10.02,9.44,0.33,0.53,0.67,0.73,0.79,0.81
632491,0.65,0.49,0.52,0.58,0.61,0.63,15.2,20.77,20.15,19.32,18.61,18.07,0.33,0.42,0.45,0.51,0.55,0.53
221183,0.68,0.9,0.92,0.93,0.92,0.93,15.6,10.34,8.67,8.1,8.26,8.07,0.36,0.67,0.77,0.83,0.86,0.87
131472,0.61,0.72,0.75,0.89,0.9,0.9,22.66,19.81,18.96,13.44,12.93,12.59,0.29,0.43,0.46,0.67,0.71,0.72
131473,0.63,0.8,0.88,0.89,0.89,0.89,26.86,22.33,18.03,17.52,17.26,17.19,0.31,0.43,0.61,0.63,0.63,0.64
221182,0.7,0.89,0.94,0.95,0.96,0.96,15.36,10.59,8.6,7.26,7.16,7.29,0.38,0.65,0.79,0.86,0.87,0.87
238376,0.7,0.9,0.91,0.91,0.92,0.92,16.88,12.27,12.02,12.04,11.27,11.19,0.38,0.61,0.63,0.63,0.69,0.7
221141,0.62,0.89,0.91,0.92,0.92,0.92,17.75,10.41,9.73,9.03,9.13,9.36,0.35,0.7,0.74,0.82,0.86,0.85
238362,0.69,0.82,0.84,0.86,0.88,0.89,16.57,13.72,12.81,12.4,11.48,11.25,0.37,0.53,0.55,0.56,0.6,0.62
422161,0.67,0.88,0.92,0.94,0.95,0.95,17.85,11.88,10.28,8.54,7.82,7.73,0.38,0.66,0.7,0.8,0.84,0.85
131117,0.65,0.72,0.88,0.93,0.94,0.94,25.1,23.19,17.62,14.9,14.6,14.28,0.35,0.41,0.56,0.69,0.73,0.75
633215,0.63,0.85,0.89,0.9,0.9,0.91,19.74,14.35,12.39,11.73,11.52,10.79,0.34,0.66,0.72,0.78,0.79,0.81
534501,0.65,0.66,0.69,0.71,0.74,0.77,18.19,18.19,17.41,17.04,16.48,15.68,0.33,0.33,0.39,0.4,0.43,0.46
831153,0.64,0.85,0.94,0.95,0.96,0.96,22.52,15.95,10.76,9.6,8.77,8.8,0.33,0.66,0.82,0.86,0.91,0.91
437154,0.65,0.8,0.83,0.84,0.86,0.86,17.34,13.95,12.84,12.3,11.64,11.56,0.35,0.57,0.62,0.65,0.68,0.69
422203,0.68,0.8,0.89,0.91,0.91,0.92,16.36,13.87,11.22,10.39,10.11,9.75,0.38,0.53,0.76,0.81,0.84,0.86
336561,0.57,0.6,0.62,0.63,0.61,0.62,22.15,21.69,21.71,22.17,22.65,23.52,0.28,0.28,0.28,0.27,0.26,0.25
534111,0.64,0.77,0.82,0.86,0.87,0.89,20.22,17.02,15.68,14.65,14.16,12.38,0.33,0.5,0.55,0.66,0.68,0.73
437432,0.8,0.74,0.73,0.74,0.77,0.74,13.04,18.03,19.44,19.31,17.52,19.31,0.55,0.59,0.59,0.6,0.6,0.65
339122,0.71,0.72,0.71,0.73,0.67,0.63,17.89,17.66,17.92,17.68,18.66,19.34,0.4,0.4,0.39,0.39,0.37,0.34
422201,0.66,0.75,0.77,0.78,0.81,0.81,17.55,15.74,15.34,15.03,14.03,14.23,0.38,0.45,0.46,0.47,0.53,0.51
221221,0.7,0.81,0.89,0.93,0.94,0.94,15.88,13.85,10.54,8.26,7.98,7.75,0.38,0.58,0.71,0.88,0.9,0.92
534463,0.7,0.8,0.8,0.81,0.81,0.78,24.64,21.72,21.48,20.98,20.84,21.52,0.36,0.46,0.47,0.49,0.49,0.48
437156,0.66,0.88,0.9,0.91,0.91,0.92,18.1,12.32,11.11,10.92,10.66,10.39,0.37,0.6,0.67,0.68,0.7,0.72
633363,0.59,0.73,0.81,0.82,0.83,0.84,20.79,18.17,16.26,15.92,15.67,15.28,0.3,0.4,0.47,0.48,0.49,0.51
633411,0.62,0.77,0.8,0.83,0.85,0.87,22.05,18.28,17.26,16.53,15.36,14.28,0.32,0.47,0.51,0.54,0.6,0.64
831151,0.67,0.94,0.95,0.96,0.96,0.97,21.89,11.58,10.84,8.34,7.94,7.51,0.36,0.71,0.75,0.87,0.89,0.91
437181,0.62,0.72,0.73,0.78,0.79,0.81,17.77,15.9,15.64,14.47,14.18,13.72,0.33,0.42,0.44,0.49,0.52,0.54
534503,0.69,0.76,0.8,0.86,0.88,0.89,21.03,19.41,18.49,16.35,15.42,14.91,0.4,0.44,0.46,0.53,0.56,0.58
238162,0.64,0.66,0.64,0.64,0.67,0.69,14.64,14.25,14.72,14.54,14.11,13.71,0.33,0.36,0.38,0.37,0.41,0.44
111212,0.61,0.74,0.87,0.88,0.9,0.93,23.14,20.41,15.02,13.8,12.93,11.01,0.31,0.41,0.64,0.74,0.78,0.85
735114,0.56,0.75,0.88,0.87,0.88,0.88,20.8,17.69,12.9,13.23,12.4,12.35,0.27,0.39,0.62,0.61,0.67,0.69
131129,0.69,0.87,0.88,0.91,0.93,0.93,19.18,13.54,13.11,11.58,10.14,9.59,0.37,0.61,0.63,0.69,0.76,0.78
131115,0.59,0.87,0.93,0.94,0.95,0.95,22.5,14.55,10.98,9.28,9.06,9.09,0.29,0.63,0.76,0.89,0.92,0.91
632121,0.54,0.62,0.7,0.71,0.72,0.73,19.98,18.82,17.08,16.98,16.49,16.41,0.27,0.33,0.46,0.46,0.52,0.53
238374,0.66,0.74,0.76,0.77,0.78,0.79,14.48,13.23,13.89,13.29,12.74,12.72,0.34,0.48,0.68,0.69,0.7,0.73
525142,0.63,0.72,0.85,0.86,0.9,0.93,19.82,18.07,14.21,13.66,12.02,9.83,0.33,0.39,0.56,0.57,0.66,0.75
823637,0.66,0.85,0.89,0.89,0.89,0.89,23.6,18.47,15.95,16.22,15.62,15.41,0.34,0.53,0.63,0.66,0.69,0.72
632451,0.67,0.69,0.69,0.69,0.69,0.67,15.19,15.04,15.05,14.96,15.15,15.81,0.38,0.39,0.39,0.4,0.38,0.4
131471,0.64,0.88,0.89,0.94,0.95,0.95,25.37,17.26,16.29,11.9,10.62,10.63,0.32,0.58,0.6,0.75,0.8,0.81
437591,0.64,0.67,0.69,0.72,0.76,0.75,16.19,15.73,15.5,15.12,14.39,15.03,0.34,0.36,0.43,0.47,0.54,0.56
221181,0.71,0.75,0.77,0.85,0.83,0.85,17.8,17.15,16.85,16.84,17.76,17.14,0.4,0.44,0.46,0.55,0.59,0.62
525143,0.64,0.72,0.79,0.81,0.84,0.84,18.03,16.38,14.7,13.93,13.17,13.05,0.35,0.44,0.51,0.55,0.62,0.65
437221,0.65,0.74,0.76,0.77,0.8,0.81,16.14,14.43,13.82,13.62,13.0,12.53,0.36,0.47,0.52,0.51,0.55,0.6
238361,0.71,0.85,0.88,0.87,0.88,0.88,11.8,10.02,9.11,9.31,9.41,9.45,0.39,0.82,0.87,0.88,0.89,0.88
221142,0.74,0.88,0.92,0.92,0.93,0.93,15.1,11.24,9.53,9.61,9.0,9.35,0.44,0.61,0.68,0.71,0.77,0.78
238375,0.67,0.7,0.72,0.71,0.73,0.72,14.54,14.12,13.86,13.88,13.66,13.86,0.38,0.39,0.41,0.41,0.42,0.41
131114,0.65,0.76,0.8,0.91,0.92,0.92,19.26,16.43,15.27,10.81,9.92,9.99,0.33,0.49,0.53,0.74,0.83,0.88
131128,0.65,0.91,0.94,0.95,0.95,0.95,19.22,11.65,9.61,8.98,8.57,8.7,0.35,0.69,0.8,0.85,0.87,0.88
735115,0.58,0.84,0.84,0.86,0.89,0.9,21.23,15.2,14.92,14.2,12.5,11.99,0.28,0.53,0.54,0.56,0.64,0.67
534502,0.67,0.73,0.79,0.79,0.81,0.82,20.99,19.25,17.37,17.47,16.9,16.28,0.36,0.46,0.52,0.53,0.55,0.56
633362,0.61,0.72,0.77,0.78,0.8,0.79,18.33,16.26,15.19,14.84,14.25,14.56,0.31,0.42,0.48,0.52,0.54,0.53
111171,0.61,0.79,0.88,0.88,0.96,0.96,22.79,18.43,14.85,14.59,9.05,8.36,0.32,0.48,0.59,0.63,0.79,0.84
238201,0.69,0.74,0.76,0.76,0.75,0.76,13.97,12.98,12.65,12.91,13.88,13.62,0.38,0.5,0.53,0.54,0.55,0.56
534112,0.67,0.79,0.91,0.94,0.95,0.95,21.89,19.13,13.09,10.91,10.96,10.52,0.36,0.44,0.68,0.85,0.88,0.88
111161,0.66,0.88,0.9,0.95,0.95,0.96,22.32,15.79,14.37,10.65,10.64,10.02,0.36,0.56,0.63,0.74,0.76,0.79
336572,0.61,0.7,0.72,0.74,0.76,0.77,20.7,18.94,18.54,17.95,17.58,17.36,0.32,0.39,0.4,0.42,0.42,0.43
534116,0.63,0.76,0.87,0.92,0.93,0.93,22.65,20.11,15.52,11.95,10.9,10.68,0.32,0.4,0.59,0.76,0.82,0.83
238211,0.64,0.79,0.82,0.82,0.82,0.83,15.39,12.29,11.66,11.56,11.55,11.33,0.33,0.53,0.56,0.57,0.57,0.58
437153,0.66,0.87,0.88,0.89,0.9,0.9,16.29,10.95,10.58,10.37,9.78,9.54,0.38,0.7,0.72,0.73,0.77,0.78
534472,0.62,0.85,0.88,0.9,0.9,0.89,25.09,19.69,18.24,16.22,16.0,16.08,0.33,0.5,0.55,0.61,0.61,0.62
422204,0.65,0.87,0.93,0.95,0.95,0.95,17.42,11.65,8.48,7.36,7.11,7.06,0.37,0.72,0.84,0.86,0.89,0.89
831154,0.63,0.87,0.92,0.94,0.95,0.95,24.24,15.67,12.39,10.74,10.08,9.84,0.34,0.68,0.79,0.87,0.92,0.92
632124,0.67,0.69,0.72,0.77,0.75,0.81,15.24,14.72,14.15,13.14,13.66,12.41,0.38,0.44,0.45,0.52,0.54,0.67
735111,0.64,0.85,0.86,0.89,0.89,0.89,18.42,13.52,13.04,11.53,11.46,11.43,0.34,0.54,0.57,0.63,0.64,0.64
823801,0.67,0.9,0.95,0.95,0.96,0.96,22.14,13.09,9.24,9.0,8.69,8.48,0.36,0.71,0.87,0.88,0.9,0.91
238371,0.64,0.8,0.81,0.79,0.8,0.8,16.89,13.75,12.82,13.62,13.14,13.2,0.36,0.54,0.61,0.63,0.63,0.63
221152,0.66,0.82,0.83,0.87,0.88,0.88,17.23,14.27,13.83,12.46,11.9,12.13,0.35,0.55,0.56,0.64,0.73,0.74
131474,0.63,0.72,0.73,0.85,0.87,0.87,27.78,25.75,25.55,21.61,21.3,21.17,0.3,0.37,0.38,0.52,0.53,0.54
221191,0.74,0.77,0.78,0.81,0.87,0.87,14.53,14.03,13.68,12.95,11.04,11.51,0.41,0.43,0.45,0.5,0.6,0.58
437581,0.63,0.72,0.76,0.74,0.8,0.8,17.07,15.37,14.57,14.95,13.28,13.38,0.33,0.41,0.46,0.46,0.54,0.55
336361,0.71,0.73,0.75,0.77,0.77,0.77,17.25,16.81,16.56,16.03,16.09,16.0,0.43,0.44,0.48,0.48,0.47,0.48
633213,0.61,0.82,0.87,0.88,0.9,0.9,19.81,14.55,12.53,12.13,11.15,10.65,0.31,0.65,0.73,0.78,0.84,0.85
735138,0.62,0.81,0.83,0.86,0.86,0.87,20.57,16.77,15.6,14.42,14.15,13.61,0.33,0.52,0.58,0.62,0.62,0.64
131111,0.61,0.86,0.91,0.92,0.93,0.93,20.84,13.68,10.79,10.47,9.86,9.81,0.29,0.64,0.79,0.86,0.9,0.91
437191,0.64,0.71,0.73,0.81,0.84,0.85,18.21,17.07,16.42,14.59,13.2,12.78,0.35,0.38,0.42,0.49,0.57,0.6
221231,0.73,0.84,0.87,0.9,0.91,0.9,15.17,12.38,11.26,9.92,9.78,10.35,0.41,0.55,0.62,0.69,0.69,0.69
422205,0.67,0.74,0.84,0.86,0.87,0.89,16.79,15.63,12.4,11.89,11.33,10.77,0.38,0.43,0.7,0.73,0.76,0.78
437152,0.68,0.87,0.88,0.89,0.89,0.89,18.39,13.76,13.31,12.84,12.42,12.71,0.38,0.56,0.57,0.59,0.61,0.61
131501,0.62,0.94,0.94,0.96,0.97,0.97,22.29,11.38,10.81,8.5,8.21,7.47,0.32,0.69,0.72,0.8,0.82,0.85
632521,0.64,0.68,0.67,0.68,0.68,0.68,18.14,17.47,17.55,17.39,17.38,17.48,0.33,0.37,0.36,0.37,0.37,0.37
336571,0.55,0.69,0.74,0.75,0.75,0.76,19.44,17.31,16.32,16.12,15.83,15.47,0.27,0.35,0.39,0.41,0.44,0.45
534115,0.66,0.76,0.78,0.83,0.86,0.86,24.21,22.46,21.8,19.35,17.96,17.52,0.37,0.4,0.42,0.5,0.56,0.57
534465,0.69,0.77,0.78,0.83,0.83,0.81,21.14,18.99,18.88,16.97,17.3,18.51,0.36,0.46,0.48,0.54,0.58,0.57
422207,0.71,0.82,0.9,0.94,0.95,0.95,18.18,15.23,12.48,9.37,8.42,8.04,0.44,0.54,0.62,0.75,0.79,0.82
534471,0.65,0.78,0.84,0.86,0.87,0.87,19.91,16.81,15.81,14.52,14.48,15.03,0.33,0.54,0.63,0.68,0.71,0.73
221233,0.73,0.79,0.81,0.89,0.9,0.9,15.18,13.65,13.12,10.52,10.19,10.03,0.4,0.5,0.53,0.65,0.67,0.71
336161,0.58,0.68,0.73,0.77,0.79,0.8,20.66,18.79,18.09,17.1,16.12,15.63,0.3,0.37,0.4,0.43,0.49,0.52
131113,0.67,0.78,0.87,0.89,0.9,0.91,17.34,14.58,12.17,11.1,10.77,10.67,0.36,0.53,0.78,0.83,0.92,0.94
633211,0.59,0.69,0.73,0.77,0.8,0.83,22.82,20.63,19.24,18.31,17.01,16.05,0.29,0.39,0.48,0.51,0.57,0.62
525144,0.64,0.9,0.92,0.94,0.94,0.94,20.2,12.38,10.55,9.16,9.03,9.19,0.35,0.65,0.75,0.8,0.8,0.81
422171,0.6,0.7,0.85,0.89,0.9,0.9,18.19,16.34,12.43,10.51,10.34,10.09,0.32,0.4,0.61,0.8,0.83,0.83
221192,0.68,0.8,0.82,0.84,0.9,0.9,14.94,12.51,11.89,11.43,8.84,9.17,0.39,0.52,0.56,0.57,0.73,0.71
221193,0.68,0.89,0.92,0.95,0.95,0.95,16.98,11.39,9.21,7.39,7.13,7.01,0.36,0.61,0.74,0.82,0.85,0.86
238373,0.7,0.8,0.84,0.83,0.85,0.85,16.74,15.19,13.38,13.8,12.86,12.67,0.4,0.7,0.76,0.78,0.8,0.79
238401,0.69,0.72,0.72,0.75,0.74,0.74,14.15,13.67,13.66,13.03,13.13,13.09,0.4,0.43,0.47,0.49,0.47,0.47
422158,0.68,0.93,0.95,0.96,0.97,0.97,18.36,10.17,8.77,7.66,7.0,6.97,0.4,0.72,0.79,0.87,0.88,0.88
823803,0.59,0.89,0.91,0.94,0.95,0.95,20.71,12.96,12.14,10.01,9.0,9.59,0.29,0.68,0.76,0.91,0.96,0.99
632481,0.67,0.68,0.7,0.74,0.74,0.72,17.2,16.93,16.59,15.87,15.77,16.17,0.36,0.37,0.39,0.42,0.43,0.43
131112,0.67,0.89,0.9,0.94,0.94,0.94,20.8,13.96,12.98,10.32,10.27,9.99,0.36,0.61,0.65,0.84,0.88,0.92
632132,0.67,0.68,0.72,0.72,0.73,0.68,13.9,13.73,13.36,13.28,13.24,13.95,0.38,0.39,0.4,0.41,0.41,0.36
632126,0.71,0.8,0.82,0.83,0.85,0.85,16.09,13.97,13.34,12.76,12.19,12.11,0.42,0.53,0.55,0.59,0.63,0.69
534510,0.68,0.73,0.77,0.78,0.81,0.84,17.83,17.04,16.04,15.8,14.58,13.33,0.39,0.41,0.47,0.49,0.55,0.62
111201,0.62,0.79,0.8,0.93,0.94,0.95,19.44,16.1,15.47,9.27,9.34,8.92,0.32,0.45,0.49,0.79,0.92,0.97
422206,0.72,0.91,0.93,0.94,0.95,0.95,17.52,11.75,10.45,9.62,8.85,8.99,0.44,0.64,0.7,0.74,0.81,0.8
437151,0.63,0.87,0.89,0.91,0.91,0.91,16.66,10.64,9.83,8.94,8.98,8.75,0.33,0.74,0.77,0.84,0.85,0.87
131502,0.62,0.93,0.94,0.97,0.97,0.97,21.96,11.3,10.24,7.45,6.79,6.65,0.31,0.71,0.76,0.85,0.9,0.91
324148,0.6,0.74,0.76,0.79,0.86,0.84,22.85,20.26,19.39,19.09,17.67,18.74,0.32,0.4,0.43,0.43,0.49,0.45
111152,0.68,0.95,0.97,0.98,0.98,0.98,18.15,8.71,5.84,5.18,5.17,4.88,0.38,0.74,0.89,0.92,0.94,0.96
336541,0.57,0.64,0.67,0.73,0.7,0.69,17.29,16.29,15.84,15.19,15.94,16.24,0.29,0.36,0.41,0.49,0.46,0.46
339114,0.64,0.67,0.67,0.69,0.69,0.64,16.89,16.38,16.45,16.09,16.02,16.82,0.34,0.36,0.35,0.38,0.39,0.38
131241,0.65,0.84,0.86,0.87,0.9,0.9,18.51,13.53,12.76,12.27,11.79,11.13,0.33,0.59,0.63,0.69,0.77,0.79
111191,0.6,0.91,0.93,0.95,0.96,0.96,22.21,12.52,10.66,8.9,8.48,8.18,0.3,0.7,0.74,0.8,0.83,0.85
534441,0.65,0.83,0.85,0.89,0.92,0.91,22.26,17.59,16.61,14.37,12.45,12.14,0.34,0.52,0.54,0.62,0.7,0.74
534482,0.65,0.81,0.82,0.81,0.82,0.83,22.67,18.28,17.81,18.0,17.61,17.11,0.35,0.5,0.53,0.52,0.54,0.57
336151,0.58,0.63,0.71,0.74,0.75,0.77,23.84,23.55,22.77,21.84,21.55,21.37,0.28,0.28,0.3,0.34,0.35,0.38
735122,0.66,0.91,0.92,0.93,0.94,0.93,25.44,14.67,14.15,13.23,13.47,13.85,0.35,0.69,0.72,0.77,0.77,0.76
238183,0.63,0.72,0.78,0.82,0.84,0.84,15.31,13.78,12.79,11.84,11.2,10.8,0.33,0.45,0.47,0.54,0.57,0.59
132402,0.68,0.72,0.74,0.75,0.76,0.78,14.54,13.77,13.62,13.64,13.89,13.73,0.38,0.42,0.51,0.51,0.53,0.54
735136,0.64,0.88,0.92,0.93,0.94,0.94,21.24,13.78,11.34,10.72,9.98,10.0,0.35,0.64,0.71,0.74,0.78,0.77
131123,0.66,0.89,0.92,0.94,0.95,0.95,19.96,13.44,11.8,9.9,9.5,9.43,0.36,0.62,0.71,0.77,0.81,0.83
422141,0.66,0.82,0.87,0.89,0.94,0.94,17.73,13.81,12.3,11.23,8.8,8.56,0.39,0.58,0.64,0.67,0.75,0.75
422155,0.61,0.82,0.86,0.88,0.9,0.91,17.95,13.03,11.57,11.06,10.35,9.73,0.33,0.64,0.75,0.8,0.88,0.9
238381,0.67,0.9,0.86,0.89,0.89,0.91,15.46,9.03,12.39,11.36,10.88,9.77,0.38,0.72,0.84,0.87,0.86,0.87
131453,0.71,0.81,0.82,0.84,0.84,0.84,19.99,17.48,16.65,15.96,15.87,15.7,0.43,0.51,0.55,0.58,0.58,0.59
632472,0.58,0.67,0.69,0.7,0.73,0.74,22.36,21.54,21.13,21.17,20.37,20.36,0.28,0.32,0.34,0.35,0.38,0.37
437203,0.64,0.63,0.63,0.64,0.64,0.64,15.03,15.16,15.18,15.52,16.04,15.93,0.33,0.33,0.33,0.39,0.41,0.41
437571,0.66,0.67,0.68,0.71,0.71,0.71,16.1,15.83,15.7,15.27,15.19,15.34,0.34,0.36,0.36,0.39,0.39,0.41
525161,0.61,0.82,0.84,0.87,0.89,0.9,21.77,17.59,16.41,15.28,14.24,13.48,0.32,0.47,0.51,0.57,0.62,0.64
422154,0.67,0.87,0.92,0.92,0.93,0.93,18.86,13.37,11.23,10.77,10.39,10.61,0.37,0.59,0.72,0.77,0.79,0.79
238431,0.66,0.71,0.73,0.74,0.77,0.77,14.5,13.71,13.48,13.31,12.72,12.55,0.36,0.41,0.41,0.41,0.45,0.49
221174,0.67,0.86,0.88,0.87,0.91,0.92,15.98,13.26,12.96,13.17,11.5,11.66,0.35,0.74,0.79,0.78,0.85,0.87
335115,0.59,0.84,0.84,0.87,0.89,0.89,19.7,13.77,13.59,12.43,11.54,11.78,0.29,0.57,0.58,0.63,0.66,0.65
735137,0.6,0.75,0.77,0.82,0.86,0.86,22.29,19.03,18.58,16.95,15.02,14.95,0.31,0.44,0.44,0.5,0.57,0.59
238182,0.65,0.86,0.87,0.87,0.87,0.88,15.18,10.52,10.12,10.2,10.54,10.2,0.35,0.68,0.71,0.73,0.76,0.77
735123,0.63,0.72,0.76,0.77,0.81,0.81,23.64,21.64,20.33,19.81,18.31,18.49,0.33,0.4,0.46,0.48,0.53,0.52
111231,0.66,0.91,0.93,0.96,0.96,0.97,17.37,10.91,9.51,7.45,7.45,7.66,0.36,0.83,0.88,1.02,1.03,1.06
238141,0.65,0.76,0.83,0.86,0.86,0.86,13.78,12.02,10.7,10.33,10.21,10.57,0.35,0.46,0.59,0.75,0.78,0.8
437161,0.71,0.9,0.9,0.9,0.91,0.91,17.46,11.13,11.48,11.35,11.31,11.23,0.4,0.69,0.68,0.69,0.7,0.72
221202,0.7,0.84,0.86,0.84,0.85,0.85,16.75,13.77,13.26,14.2,13.55,13.62,0.39,0.59,0.64,0.69,0.72,0.73
111151,0.63,0.92,0.93,0.95,0.95,0.96,19.98,10.74,9.46,8.11,7.99,7.72,0.33,0.71,0.78,0.9,0.93,0.96
533113,0.63,0.74,0.81,0.85,0.9,0.91,22.38,19.62,17.49,16.1,14.26,13.41,0.35,0.46,0.52,0.56,0.62,0.65
131242,0.61,0.87,0.89,0.9,0.91,0.91,19.91,13.38,12.5,11.93,11.2,11.07,0.32,0.67,0.7,0.78,0.8,0.82
534442,0.64,0.83,0.92,0.94,0.95,0.94,24.65,19.8,15.71,14.92,14.0,14.52,0.33,0.48,0.64,0.71,0.75,0.74
422208,0.69,0.9,0.96,0.96,0.97,0.97,18.06,11.75,7.43,6.78,6.59,6.56,0.41,0.65,0.82,0.86,0.88,0.88
534481,0.65,0.84,0.84,0.83,0.82,0.81,20.69,14.94,15.12,15.1,15.68,15.83,0.34,0.6,0.59,0.6,0.61,0.62
238143,0.63,0.82,0.87,0.89,0.9,0.9,12.66,9.96,9.58,8.47,8.51,8.62,0.32,0.73,0.86,0.89,0.92,0.93
735135,0.68,0.9,0.91,0.92,0.93,0.93,20.74,13.03,12.46,11.46,10.72,10.82,0.38,0.66,0.67,0.71,0.75,0.74
735121,0.64,0.76,0.92,0.94,0.94,0.94,25.45,21.68,13.13,11.5,11.29,11.36,0.35,0.49,0.76,0.8,0.8,0.8
131444,0.7,0.8,0.86,0.91,0.92,0.92,21.22,18.93,16.32,15.32,14.63,14.39,0.43,0.5,0.57,0.62,0.65,0.67
525162,0.66,0.77,0.8,0.82,0.88,0.89,18.52,16.51,15.39,14.88,12.72,12.17,0.36,0.42,0.49,0.51,0.6,0.63
221163,0.69,0.91,0.94,0.96,0.96,0.96,15.17,9.08,7.65,6.1,6.23,6.29,0.37,0.71,0.79,0.92,0.95,0.97
131121,0.61,0.82,0.85,0.86,0.88,0.88,20.32,14.66,13.58,13.1,12.35,11.95,0.32,0.6,0.65,0.68,0.73,0.79
238181,0.7,0.86,0.88,0.89,0.9,0.9,15.67,11.64,10.86,10.23,9.66,9.54,0.39,0.61,0.64,0.68,0.72,0.72
735134,0.62,0.76,0.77,0.8,0.86,0.86,23.25,20.04,19.64,18.75,16.91,16.79,0.34,0.43,0.45,0.47,0.52,0.52
238142,0.67,0.77,0.87,0.93,0.93,0.93,12.89,11.25,8.42,6.92,6.78,6.79,0.38,0.49,0.76,0.95,0.96,0.96
422209,0.67,0.89,0.91,0.92,0.93,0.93,17.64,11.68,10.45,9.65,9.2,8.77,0.38,0.62,0.68,0.76,0.79,0.8
437162,0.69,0.9,0.91,0.91,0.9,0.9,18.05,11.55,11.35,11.3,11.38,11.11,0.41,0.67,0.66,0.66,0.67,0.69
534443,0.65,0.74,0.79,0.85,0.86,0.87,23.42,22.49,20.36,17.07,16.17,15.75,0.32,0.36,0.42,0.55,0.59,0.62
131531,0.67,0.91,0.93,0.93,0.94,0.94,20.66,12.72,10.88,10.16,9.58,9.24,0.35,0.64,0.73,0.78,0.81,0.83
632511,0.67,0.72,0.71,0.7,0.7,0.7,17.85,17.06,17.23,17.43,17.44,17.55,0.37,0.39,0.39,0.38,0.38,0.38
131243,0.66,0.94,0.94,0.95,0.96,0.96,22.62,12.94,12.01,10.81,10.56,9.71,0.36,0.65,0.69,0.74,0.75,0.79
533112,0.68,0.8,0.83,0.84,0.88,0.89,22.16,18.98,18.18,17.81,15.53,15.31,0.39,0.49,0.5,0.51,0.61,0.63
437412,0.59,0.66,0.75,0.79,0.79,0.79,16.65,15.48,14.09,13.37,13.54,13.4,0.3,0.37,0.47,0.51,0.54,0.56
324143,0.61,0.87,0.94,0.94,0.95,0.95,21.04,14.13,9.92,9.41,9.06,9.1,0.33,0.65,0.77,0.79,0.8,0.8
339112,0.65,0.91,0.93,0.94,0.94,0.94,19.17,10.98,10.02,9.46,9.66,9.72,0.37,0.7,0.72,0.73,0.73,0.73
437402,0.68,0.73,0.74,0.76,0.79,0.78,17.51,16.43,16.19,15.67,14.92,15.11,0.37,0.44,0.47,0.48,0.5,0.49
131247,0.61,0.85,0.89,0.9,0.91,0.92,21.46,15.6,14.14,13.06,12.02,11.55,0.32,0.57,0.64,0.7,0.73,0.75
632501,0.65,0.69,0.7,0.72,0.74,0.77,17.23,16.47,16.42,16.14,15.51,14.88,0.37,0.4,0.4,0.41,0.44,0.46
735520,0.65,0.73,0.78,0.82,0.81,0.8,21.37,19.69,19.16,18.6,18.77,18.85,0.34,0.45,0.54,0.62,0.62,0.59
437172,0.69,0.75,0.77,0.81,0.84,0.84,17.69,16.3,15.72,14.69,13.82,13.6,0.4,0.46,0.49,0.52,0.56,0.58
221211,0.68,0.9,0.92,0.94,0.94,0.94,16.0,10.94,9.73,8.49,8.57,8.48,0.36,0.68,0.78,0.84,0.87,0.87
534453,0.71,0.79,0.81,0.85,0.87,0.88,21.0,19.25,18.67,16.88,16.13,15.64,0.42,0.46,0.48,0.54,0.55,0.58
238152,0.66,0.84,0.88,0.9,0.9,0.9,13.39,9.63,8.6,7.65,7.47,7.52,0.34,0.65,0.78,0.83,0.86,0.85
238146,0.65,0.85,0.88,0.9,0.9,0.9,16.16,11.77,10.47,9.56,9.43,9.33,0.35,0.6,0.64,0.69,0.71,0.71
131131,0.54,0.93,0.95,0.96,0.97,0.97,24.37,12.42,10.62,9.61,8.11,8.22,0.26,0.66,0.72,0.77,0.84,0.83
735124,0.66,0.74,0.85,0.87,0.87,0.87,22.27,20.22,16.3,15.37,15.03,14.96,0.37,0.44,0.6,0.66,0.66,0.66
525172,0.53,0.77,0.82,0.83,0.85,0.85,21.24,16.18,15.27,14.49,13.71,13.82,0.25,0.55,0.69,0.72,0.78,0.79
336355,0.63,0.65,0.68,0.69,0.74,0.75,14.4,14.07,13.63,13.54,12.67,12.58,0.31,0.34,0.36,0.37,0.43,0.46
238378,0.7,0.77,0.78,0.79,0.81,0.83,15.8,14.6,14.41,14.0,13.49,12.46,0.38,0.43,0.43,0.45,0.48,0.55
131454,0.64,0.63,0.74,0.76,0.78,0.81,14.55,14.85,14.87,14.89,14.68,14.32,0.34,0.37,0.54,0.58,0.6,0.64
221172,0.68,0.81,0.81,0.86,0.88,0.88,18.04,15.65,14.94,13.04,12.69,12.2,0.37,0.53,0.56,0.67,0.7,0.71
437211,0.66,0.74,0.77,0.79,0.8,0.81,17.07,15.67,14.97,14.42,14.1,14.02,0.38,0.43,0.47,0.49,0.5,0.54
238184,0.7,0.72,0.73,0.74,0.77,0.78,16.58,16.28,16.12,16.48,15.82,15.71,0.4,0.4,0.41,0.4,0.42,0.43
735131,0.64,0.79,0.89,0.9,0.91,0.91,19.96,16.19,12.53,12.05,11.15,10.88,0.35,0.52,0.68,0.7,0.74,0.75
131124,0.64,0.88,0.93,0.94,0.94,0.94,20.09,13.15,10.32,9.62,9.18,8.92,0.33,0.64,0.8,0.84,0.85,0.87
534491,0.65,0.8,0.84,0.86,0.88,0.88,20.98,17.93,15.9,15.29,14.32,14.01,0.36,0.45,0.53,0.54,0.58,0.62
534452,0.66,0.82,0.86,0.88,0.89,0.89,19.63,16.37,15.6,14.46,14.05,13.59,0.36,0.56,0.62,0.68,0.69,0.71
131246,0.61,0.87,0.92,0.94,0.94,0.95,20.35,13.77,11.19,9.04,9.06,8.54,0.32,0.64,0.72,0.81,0.83,0.85
111141,0.64,0.83,0.95,0.97,0.97,0.97,19.12,14.94,8.93,7.54,7.04,6.87,0.34,0.51,0.77,0.9,0.91,0.94
324142,0.63,0.9,0.91,0.92,0.92,0.92,19.02,11.43,11.27,10.52,10.42,10.27,0.33,0.7,0.81,0.8,0.84,0.83
339113,0.66,0.75,0.78,0.8,0.77,0.78,18.71,16.83,15.92,15.37,16.15,15.66,0.38,0.49,0.52,0.54,0.53,0.55
533115,0.65,0.84,0.9,0.9,0.93,0.93,21.77,17.28,14.4,13.88,12.62,12.64,0.37,0.52,0.62,0.65,0.71,0.72
336222,0.67,0.9,0.91,0.92,0.93,0.92,18.94,11.57,10.93,10.63,10.25,10.51,0.36,0.69,0.71,0.73,0.74,0.73
339111,0.7,0.93,0.93,0.94,0.93,0.92,18.13,10.15,9.8,9.84,9.98,10.39,0.42,0.73,0.75,0.74,0.75,0.75
131244,0.69,0.74,0.77,0.8,0.82,0.86,18.93,17.84,17.03,16.09,15.62,14.13,0.39,0.43,0.46,0.49,0.51,0.58
437171,0.63,0.84,0.86,0.87,0.87,0.88,19.52,14.99,13.93,13.35,12.98,12.98,0.33,0.54,0.59,0.62,0.64,0.65
534444,0.66,0.79,0.81,0.84,0.87,0.88,23.4,19.47,18.89,17.79,16.19,15.02,0.35,0.48,0.5,0.54,0.6,0.67
221212,0.68,0.84,0.85,0.86,0.88,0.88,16.61,12.25,12.12,11.8,11.03,10.8,0.37,0.61,0.64,0.67,0.68,0.69
111221,0.67,0.89,0.92,0.95,0.96,0.96,23.34,18.23,14.96,12.37,11.86,11.72,0.34,0.49,0.6,0.7,0.73,0.73
238151,0.62,0.78,0.83,0.83,0.84,0.84,14.46,11.91,10.6,10.73,10.65,10.76,0.33,0.47,0.58,0.72,0.74,0.75
131126,0.58,0.71,0.72,0.85,0.9,0.91,21.34,18.95,18.42,14.13,11.2,10.62,0.26,0.36,0.39,0.62,0.75,0.79
131132,0.53,0.89,0.93,0.95,0.97,0.97,25.61,15.05,12.34,10.91,8.1,7.61,0.25,0.62,0.72,0.76,0.88,0.89
735133,0.66,0.77,0.83,0.91,0.93,0.93,19.68,16.95,15.08,11.33,10.18,10.29,0.36,0.49,0.56,0.73,0.78,0.78
437561,0.67,0.74,0.77,0.77,0.8,0.82,17.37,16.19,15.41,15.5,14.76,14.64,0.37,0.43,0.45,0.45,0.55,0.56
525171,0.64,0.74,0.75,0.81,0.85,0.86,18.04,16.03,15.68,13.75,12.8,12.67,0.34,0.44,0.46,0.58,0.73,0.74
238421,0.66,0.68,0.73,0.76,0.75,0.77,14.69,14.35,13.55,13.03,13.16,12.74,0.37,0.4,0.43,0.47,0.46,0.47
131442,0.66,0.77,0.83,0.87,0.9,0.91,19.74,17.43,15.71,14.02,12.46,11.98,0.39,0.51,0.66,0.72,0.75,0.78
131443,0.6,0.69,0.72,0.75,0.79,0.83,21.51,19.87,19.31,17.88,16.66,15.14,0.32,0.4,0.47,0.48,0.54,0.61
131133,0.57,0.83,0.82,0.88,0.9,0.9,23.38,17.09,17.11,14.7,12.87,12.96,0.26,0.52,0.53,0.63,0.77,0.77
238144,0.67,0.85,0.9,0.93,0.93,0.93,15.75,11.33,10.06,8.99,8.93,8.86,0.38,0.63,0.68,0.73,0.75,0.75
336141,0.56,0.69,0.72,0.76,0.77,0.77,18.27,16.8,16.05,15.18,15.14,14.56,0.27,0.5,0.51,0.57,0.58,0.54
534492,0.65,0.79,0.89,0.9,0.9,0.9,20.48,17.01,14.05,13.59,13.48,14.14,0.33,0.5,0.78,0.82,0.81,0.82
534451,0.66,0.75,0.81,0.83,0.83,0.84,20.49,18.26,17.4,16.22,16.4,16.28,0.35,0.47,0.52,0.58,0.57,0.6
221213,0.72,0.85,0.88,0.91,0.91,0.9,15.91,12.73,11.63,9.99,9.82,9.96,0.41,0.55,0.6,0.69,0.7,0.7
534445,0.63,0.64,0.72,0.76,0.78,0.8,26.28,26.11,23.93,22.64,22.12,21.55,0.32,0.36,0.39,0.42,0.44,0.46
735522,0.64,0.85,0.86,0.87,0.88,0.87,23.73,16.63,16.46,15.37,15.23,15.23,0.35,0.66,0.75,0.76,0.77,0.76
111181,0.66,0.9,0.91,0.93,0.94,0.94,23.18,15.04,14.48,12.89,12.32,11.99,0.33,0.6,0.63,0.69,0.72,0.73
336223,0.73,0.82,0.88,0.89,0.89,0.88,18.26,16.69,14.5,14.48,14.34,14.41,0.44,0.46,0.56,0.57,0.58,0.58
336551,0.54,0.63,0.67,0.7,0.72,0.74,18.84,17.81,17.13,16.72,16.12,15.74,0.28,0.29,0.32,0.39,0.41,0.41
111142,0.65,0.92,0.94,0.97,0.97,0.97,19.11,11.28,9.78,6.31,6.09,6.1,0.34,0.66,0.73,0.91,0.97,0.98
324155,0.6,0.76,0.9,0.95,0.96,0.96,22.89,19.74,15.2,11.62,11.32,11.45,0.31,0.41,0.59,0.7,0.72,0.71
533114,0.65,0.86,0.92,0.93,0.94,0.95,19.35,14.29,11.45,10.72,9.79,9.11,0.36,0.68,0.76,0.82,0.86,0.88
131593,0.68,0.8,0.83,0.87,0.89,0.9,20.19,16.74,15.83,14.67,13.28,13.38,0.39,0.54,0.57,0.63,0.7,0.71
111131,0.62,0.77,0.83,0.95,0.95,0.96,20.89,17.53,15.69,8.56,7.93,7.59,0.32,0.46,0.53,0.84,0.87,0.89
131222,0.61,0.87,0.93,0.93,0.94,0.94,22.9,15.6,12.18,11.7,11.18,10.98,0.31,0.58,0.72,0.75,0.85,0.86
534422,0.69,0.9,0.9,0.91,0.91,0.9,23.84,14.63,14.74,14.72,14.26,14.5,0.34,0.68,0.68,0.68,0.7,0.69
437117,0.66,0.85,0.86,0.84,0.83,0.82,17.97,13.43,13.07,12.93,13.33,13.45,0.36,0.57,0.62,0.69,0.73,0.71
238123,0.62,0.6,0.62,0.61,0.6,0.59,31.53,32.85,33.6,35.98,36.89,37.92,0.31,0.29,0.3,0.28,0.28,0.28
336132,0.67,0.88,0.94,0.95,0.95,0.95,14.91,9.9,7.3,6.9,7.08,7.19,0.37,0.69,0.9,0.95,0.96,0.95
735141,0.6,0.65,0.73,0.76,0.81,0.79,21.31,20.45,19.23,18.42,17.09,17.23,0.3,0.32,0.37,0.4,0.46,0.45
336442,0.58,0.63,0.62,0.64,0.67,0.73,20.74,20.25,20.36,19.91,19.49,17.93,0.28,0.3,0.3,0.32,0.34,0.41
131381,0.56,0.64,0.7,0.89,0.92,0.93,24.55,23.16,21.82,15.21,13.24,12.26,0.26,0.3,0.37,0.6,0.67,0.73
131395,0.69,0.79,0.83,0.87,0.89,0.89,22.98,20.14,18.86,17.2,16.47,16.22,0.4,0.48,0.51,0.56,0.59,0.59
823662,0.67,0.88,0.94,0.94,0.95,0.95,23.41,17.06,12.38,11.38,10.78,10.66,0.35,0.54,0.69,0.74,0.77,0.79
131342,0.62,0.86,0.87,0.88,0.89,0.9,24.79,17.07,16.14,15.36,15.01,14.63,0.34,0.6,0.65,0.68,0.69,0.7
336481,0.7,0.69,0.67,0.75,0.75,0.73,19.61,19.82,20.27,18.03,18.35,18.7,0.37,0.36,0.37,0.47,0.45,0.45
131343,0.64,0.72,0.75,0.79,0.8,0.81,31.21,29.31,28.8,27.85,28.18,28.1,0.33,0.38,0.41,0.45,0.45,0.45
238491,0.65,0.74,0.74,0.75,0.76,0.76,14.66,13.03,12.89,12.82,12.65,12.57,0.35,0.46,0.47,0.47,0.48,0.48
131394,0.69,0.83,0.86,0.91,0.92,0.92,18.93,15.39,14.18,11.08,10.32,10.17,0.39,0.58,0.61,0.73,0.78,0.79
735381,0.6,0.66,0.7,0.74,0.78,0.78,16.87,15.98,15.21,14.43,13.35,13.44,0.29,0.37,0.41,0.44,0.5,0.51
632161,0.71,0.72,0.7,0.72,0.71,0.67,12.05,11.83,12.19,12.2,12.31,13.34,0.4,0.42,0.41,0.44,0.42,0.42
111291,0.6,0.78,0.87,0.88,0.89,0.92,25.19,20.75,16.53,15.67,15.1,13.77,0.3,0.44,0.61,0.64,0.67,0.7
131141,0.61,0.76,0.89,0.95,0.95,0.95,21.12,18.19,13.01,9.45,8.65,8.99,0.3,0.42,0.67,0.83,0.88,0.91
131196,0.69,0.75,0.75,0.75,0.74,0.74,21.25,20.33,20.54,20.63,20.81,20.98,0.37,0.5,0.49,0.48,0.48,0.47
336133,0.6,0.68,0.69,0.85,0.85,0.85,17.55,16.25,16.08,11.42,11.31,11.45,0.29,0.42,0.44,0.68,0.72,0.71
336127,0.65,0.85,0.87,0.87,0.87,0.87,15.53,10.85,10.05,10.23,10.22,10.39,0.35,0.62,0.77,0.77,0.76,0.74
238122,0.71,0.81,0.77,0.82,0.84,0.84,19.68,17.63,17.7,16.53,16.34,16.41,0.42,0.52,0.55,0.61,0.64,0.64
437116,0.65,0.79,0.84,0.83,0.83,0.82,19.91,18.28,17.34,17.04,16.54,16.82,0.34,0.49,0.56,0.64,0.68,0.67
534423,0.65,0.82,0.82,0.82,0.83,0.81,21.87,17.28,17.1,17.48,16.75,17.75,0.32,0.53,0.55,0.58,0.61,0.6
131223,0.65,0.8,0.85,0.91,0.92,0.92,20.69,16.75,14.77,11.08,10.75,10.74,0.34,0.5,0.61,0.77,0.82,0.86
131551,0.69,0.7,0.71,0.81,0.82,0.83,22.42,22.32,21.96,18.72,18.06,17.7,0.38,0.38,0.4,0.52,0.55,0.57
324133,0.59,0.8,0.88,0.92,0.92,0.92,19.38,15.32,12.1,10.31,9.93,9.88,0.29,0.47,0.63,0.7,0.71,0.71
131592,0.67,0.75,0.78,0.82,0.84,0.86,19.26,17.39,16.5,15.13,14.32,13.68,0.39,0.47,0.5,0.6,0.67,0.69
324125,0.61,0.91,0.93,0.95,0.96,0.96,22.0,13.32,12.93,11.79,11.67,11.9,0.34,0.66,0.68,0.75,0.75,0.75
131584,0.7,0.82,0.86,0.88,0.9,0.91,21.83,18.72,18.65,17.17,16.26,15.72,0.43,0.53,0.56,0.59,0.62,0.65
633123,0.64,0.91,0.92,0.92,0.91,0.92,20.11,11.39,11.07,11.12,11.3,10.5,0.34,0.7,0.71,0.71,0.71,0.75
131553,0.63,0.91,0.94,0.96,0.96,0.96,20.61,11.79,9.19,8.01,7.71,7.66,0.32,0.66,0.79,0.85,0.86,0.88
131235,0.61,0.74,0.87,0.87,0.88,0.88,23.31,20.61,16.1,16.04,15.58,15.12,0.32,0.39,0.59,0.6,0.62,0.65
534421,0.66,0.79,0.79,0.79,0.8,0.79,24.59,21.64,21.4,21.22,20.0,20.47,0.31,0.4,0.42,0.43,0.48,0.47
437114,0.68,0.85,0.91,0.91,0.91,0.91,15.67,11.74,8.95,9.48,9.01,9.08,0.38,0.64,0.77,0.81,0.86,0.84
238134,0.67,0.86,0.86,0.87,0.87,0.87,14.34,10.38,10.49,10.32,10.2,10.16,0.37,0.58,0.58,0.59,0.6,0.59
735181,0.58,0.71,0.74,0.77,0.79,0.81,20.76,18.93,17.6,16.67,16.01,15.56,0.3,0.37,0.44,0.48,0.51,0.53
238120,0.67,0.91,0.88,0.88,0.9,0.9,16.23,9.85,11.67,11.77,10.9,10.35,0.36,0.66,0.82,0.83,0.84,0.82
336131,0.68,0.89,0.91,0.92,0.93,0.93,15.1,10.31,8.83,8.19,7.75,7.85,0.39,0.61,0.72,0.76,0.79,0.78
336125,0.64,0.8,0.87,0.9,0.9,0.89,17.05,13.66,11.45,10.44,10.31,10.48,0.33,0.53,0.63,0.73,0.72,0.72
735142,0.58,0.61,0.72,0.77,0.8,0.81,18.69,18.17,16.34,15.01,14.25,14.22,0.28,0.31,0.42,0.51,0.56,0.61
422121,0.66,0.79,0.81,0.86,0.87,0.88,18.87,16.38,15.61,13.87,13.03,12.87,0.36,0.45,0.48,0.56,0.6,0.62
336441,0.6,0.72,0.76,0.76,0.79,0.79,23.57,21.59,20.31,20.76,20.28,20.05,0.33,0.39,0.44,0.44,0.47,0.47
131382,0.53,0.73,0.87,0.88,0.88,0.89,28.59,24.18,17.98,17.42,16.95,16.16,0.24,0.38,0.59,0.61,0.63,0.66
132112,0.66,0.79,0.91,0.91,0.91,0.9,15.85,13.39,9.07,8.61,8.75,8.92,0.33,0.48,0.73,0.77,0.78,0.78
131341,0.63,0.72,0.79,0.89,0.89,0.91,23.86,21.6,19.21,15.06,14.62,13.9,0.32,0.41,0.5,0.63,0.65,0.67
132113,0.61,0.76,0.79,0.79,0.8,0.8,15.35,13.0,12.37,12.65,12.44,12.74,0.3,0.53,0.65,0.68,0.69,0.72
238451,0.65,0.69,0.71,0.76,0.75,0.76,13.94,13.41,12.87,12.15,12.32,12.3,0.34,0.37,0.45,0.5,0.53,0.53
131142,0.63,0.78,0.91,0.92,0.93,0.93,21.36,18.02,11.65,11.02,10.02,10.11,0.32,0.45,0.72,0.75,0.82,0.83
735143,0.59,0.66,0.67,0.68,0.75,0.78,18.69,17.54,17.29,17.31,15.68,14.68,0.29,0.36,0.37,0.38,0.45,0.52
111251,0.63,0.9,0.93,0.95,0.95,0.95,19.94,11.75,9.73,7.99,7.83,7.71,0.33,0.73,0.8,0.87,0.91,0.92
131195,0.7,0.9,0.91,0.92,0.92,0.92,20.07,12.99,12.11,11.31,11.42,11.04,0.4,0.67,0.7,0.73,0.74,0.76
238121,0.72,0.91,0.92,0.92,0.93,0.93,14.65,10.11,9.46,9.23,8.32,8.16,0.39,0.79,0.82,0.82,0.88,0.88
437115,0.64,0.8,0.88,0.89,0.89,0.89,17.2,16.12,12.85,11.91,11.62,11.66,0.32,0.66,0.83,0.86,0.88,0.87
633491,0.66,0.7,0.75,0.75,0.75,0.77,18.19,17.44,16.53,16.58,16.49,16.03,0.36,0.4,0.44,0.44,0.46,0.46
534434,0.63,0.69,0.72,0.75,0.76,0.79,25.27,24.03,24.16,21.74,21.16,20.01,0.32,0.37,0.38,0.47,0.49,0.54
131552,0.65,0.82,0.85,0.87,0.86,0.88,23.42,19.15,17.42,16.16,16.04,15.01,0.36,0.55,0.6,0.64,0.64,0.67
131234,0.64,0.74,0.85,0.9,0.94,0.94,21.65,19.01,15.6,13.09,10.38,9.95,0.33,0.46,0.56,0.65,0.77,0.8
633122,0.66,0.89,0.89,0.9,0.92,0.92,20.71,13.24,13.42,13.06,12.25,11.78,0.35,0.62,0.61,0.63,0.66,0.68
131591,0.66,0.75,0.81,0.84,0.85,0.85,19.35,17.38,15.79,14.86,14.54,14.38,0.38,0.46,0.59,0.64,0.65,0.66
324124,0.54,0.82,0.87,0.86,0.87,0.88,21.78,15.49,13.44,13.67,13.17,12.76,0.25,0.58,0.64,0.65,0.66,0.65
131581,0.69,0.76,0.83,0.85,0.88,0.9,20.97,19.4,19.0,18.01,16.61,14.96,0.4,0.5,0.61,0.67,0.7,0.71
111123,0.68,0.94,0.97,0.98,0.98,0.98,18.03,9.3,6.48,5.35,5.1,4.98,0.38,0.74,0.85,0.93,0.95,0.97
131542,0.64,0.9,0.93,0.95,0.96,0.96,20.43,13.18,11.74,10.84,10.49,10.04,0.35,0.64,0.72,0.77,0.81,0.84
633132,0.71,0.85,0.87,0.89,0.88,0.89,21.79,16.61,15.95,15.2,15.42,16.36,0.43,0.59,0.63,0.62,0.61,0.59
633481,0.65,0.85,0.88,0.89,0.9,0.91,19.8,15.14,13.6,13.07,12.06,11.29,0.37,0.56,0.62,0.64,0.7,0.73
534424,0.68,0.91,0.91,0.91,0.9,0.89,24.12,15.2,15.02,15.08,15.45,16.39,0.35,0.65,0.65,0.66,0.65,0.64
534342,0.64,0.71,0.75,0.85,0.86,0.87,20.63,19.71,18.93,15.01,14.38,13.9,0.34,0.39,0.41,0.57,0.6,0.62
111241,0.65,0.85,0.9,0.92,0.94,0.95,20.02,14.23,11.82,10.35,8.68,7.95,0.34,0.64,0.73,0.77,0.85,0.88
336134,0.61,0.88,0.9,0.9,0.91,0.91,21.35,13.55,12.35,12.25,11.91,12.03,0.3,0.62,0.66,0.67,0.67,0.67
238131,0.61,0.75,0.81,0.81,0.82,0.81,15.92,13.66,12.27,12.13,12.06,12.12,0.31,0.58,0.7,0.71,0.71,0.7
238125,0.71,0.81,0.93,0.94,0.94,0.94,16.08,13.9,8.73,7.78,7.8,7.92,0.39,0.49,0.74,0.8,0.88,0.88
525111,0.64,0.76,0.85,0.89,0.89,0.89,21.86,19.22,16.8,14.08,13.78,13.75,0.35,0.42,0.53,0.66,0.69,0.7
238441,0.68,0.75,0.8,0.83,0.83,0.84,14.52,13.4,12.27,11.72,11.74,11.32,0.38,0.43,0.48,0.51,0.5,0.53
131344,0.65,0.79,0.83,0.88,0.89,0.9,23.38,19.73,18.44,15.47,14.59,14.02,0.35,0.48,0.52,0.62,0.65,0.67
131345,0.65,0.87,0.89,0.91,0.92,0.93,23.5,15.85,15.34,13.67,12.54,12.28,0.34,0.64,0.69,0.72,0.75,0.75
131392,0.66,0.76,0.81,0.85,0.89,0.91,20.68,18.35,17.03,15.05,13.31,12.03,0.37,0.46,0.5,0.58,0.65,0.7
735152,0.64,0.7,0.72,0.75,0.75,0.77,16.87,16.12,15.87,15.17,14.99,14.73,0.33,0.36,0.35,0.4,0.41,0.42
131621,0.65,0.79,0.81,0.83,0.82,0.82,18.99,15.8,15.17,14.46,14.7,14.73,0.36,0.52,0.55,0.58,0.56,0.56
238124,0.71,0.89,0.94,0.94,0.94,0.94,16.22,11.22,8.21,7.6,7.6,7.7,0.41,0.61,0.77,0.84,0.85,0.85
735191,0.54,0.69,0.71,0.74,0.75,0.76,18.51,16.26,16.15,15.61,15.41,15.15,0.25,0.38,0.4,0.43,0.44,0.46
238130,0.71,0.78,0.83,0.82,0.84,0.83,17.8,16.58,15.88,14.67,14.57,15.35,0.4,0.44,0.49,0.57,0.56,0.55
336135,0.65,0.89,0.9,0.92,0.93,0.93,18.11,12.8,11.76,10.24,9.57,9.63,0.34,0.55,0.6,0.67,0.7,0.69
534343,0.64,0.72,0.77,0.81,0.86,0.87,20.83,19.03,17.7,16.38,14.23,14.05,0.33,0.42,0.48,0.51,0.61,0.62
633133,0.62,0.62,0.7,0.71,0.78,0.81,18.85,19.01,18.7,19.3,16.43,14.89,0.33,0.36,0.54,0.58,0.61,0.62
131557,0.63,0.68,0.7,0.7,0.84,0.86,24.2,22.97,22.71,22.91,20.36,19.63,0.33,0.38,0.38,0.38,0.52,0.56
336531,0.54,0.67,0.68,0.72,0.76,0.75,20.45,18.53,18.28,17.08,16.24,16.38,0.28,0.34,0.36,0.42,0.46,0.46
324121,0.6,0.81,0.85,0.91,0.92,0.91,19.72,15.35,13.7,10.53,10.14,10.26,0.32,0.54,0.59,0.76,0.75,0.76
131555,0.6,0.91,0.92,0.93,0.94,0.95,20.88,11.95,10.33,9.77,8.94,8.86,0.3,0.67,0.78,0.82,0.86,0.89
131233,0.66,0.77,0.79,0.87,0.89,0.89,21.77,18.97,18.1,14.88,14.35,13.92,0.35,0.47,0.5,0.68,0.71,0.71
131541,0.58,0.8,0.87,0.9,0.91,0.93,22.63,18.3,15.3,13.78,12.61,11.75,0.29,0.48,0.57,0.63,0.67,0.7
633131,0.68,0.86,0.86,0.87,0.87,0.88,20.62,14.73,14.57,14.6,14.74,16.14,0.4,0.66,0.67,0.65,0.65,0.62
633125,0.64,0.65,0.65,0.78,0.81,0.82,16.95,16.92,16.87,14.31,13.3,14.44,0.33,0.34,0.35,0.5,0.59,0.69
437112,0.61,0.83,0.85,0.9,0.91,0.91,18.18,13.34,12.05,10.32,9.84,9.85,0.33,0.57,0.67,0.76,0.79,0.78
221271,0.67,0.88,0.89,0.91,0.92,0.92,17.44,11.91,11.67,10.48,9.52,9.43,0.37,0.63,0.64,0.72,0.78,0.79
633482,0.7,0.88,0.89,0.9,0.91,0.91,15.72,11.61,11.49,11.17,10.88,10.67,0.41,0.72,0.78,0.82,0.87,0.89
238132,0.62,0.78,0.85,0.85,0.84,0.84,16.59,13.8,11.83,11.9,12.06,12.09,0.32,0.52,0.63,0.64,0.63,0.63
735193,0.6,0.65,0.67,0.71,0.72,0.77,19.79,19.08,18.58,17.85,17.66,16.44,0.28,0.32,0.35,0.38,0.38,0.44
131145,0.63,0.9,0.91,0.94,0.94,0.94,21.23,13.34,12.58,9.8,9.42,9.2,0.3,0.61,0.65,0.81,0.84,0.86
632171,0.68,0.74,0.73,0.74,0.74,0.72,14.76,13.88,13.89,13.74,13.91,14.29,0.39,0.43,0.45,0.46,0.46,0.42
111281,0.63,0.78,0.89,0.93,0.94,0.94,18.92,16.17,12.17,10.48,10.36,9.69,0.32,0.52,0.7,0.84,0.91,0.93
131384,0.62,0.71,0.74,0.78,0.84,0.87,21.38,19.72,18.6,17.47,15.0,14.09,0.31,0.37,0.44,0.48,0.59,0.61
525112,0.64,0.89,0.91,0.92,0.93,0.94,20.74,13.08,11.25,10.52,10.19,9.86,0.34,0.64,0.75,0.8,0.8,0.81
735391,0.64,0.72,0.75,0.76,0.78,0.79,17.79,16.23,15.72,15.37,15.07,14.64,0.33,0.4,0.43,0.45,0.45,0.47
632372,0.76,0.76,0.76,0.75,0.73,0.71,16.75,16.67,16.86,17.36,17.81,18.36,0.45,0.45,0.44,0.41,0.39,0.36
131346,0.69,0.82,0.85,0.89,0.9,0.91,21.64,17.88,17.05,14.53,13.98,13.92,0.39,0.52,0.56,0.64,0.69,0.7
422132,0.69,0.8,0.84,0.86,0.86,0.92,18.78,15.85,14.81,13.8,13.99,11.57,0.42,0.53,0.56,0.6,0.57,0.66
221112,0.72,0.89,0.92,0.93,0.92,0.92,14.95,10.32,8.66,8.55,9.78,10.17,0.42,0.72,0.79,0.87,0.87,0.88
336452,0.52,0.62,0.64,0.63,0.64,0.76,19.22,17.79,17.57,17.55,17.52,15.13,0.24,0.31,0.32,0.33,0.34,0.5
131385,0.64,0.83,0.87,0.88,0.89,0.9,19.33,14.4,12.93,12.45,11.91,11.76,0.34,0.63,0.72,0.73,0.75,0.77
735151,0.58,0.63,0.68,0.7,0.71,0.72,16.77,16.06,15.12,15.0,14.81,14.39,0.27,0.31,0.38,0.41,0.42,0.45
131144,0.63,0.77,0.83,0.93,0.94,0.94,24.16,20.66,19.18,13.95,13.29,13.01,0.32,0.43,0.48,0.64,0.68,0.7
131622,0.68,0.8,0.82,0.87,0.88,0.9,19.86,16.92,16.29,14.41,13.78,13.0,0.39,0.49,0.51,0.58,0.6,0.63
735192,0.57,0.75,0.76,0.79,0.8,0.81,20.03,17.15,16.7,16.05,15.83,15.43,0.27,0.39,0.4,0.43,0.44,0.46
238133,0.64,0.8,0.85,0.85,0.85,0.86,15.23,11.8,10.22,10.26,10.23,10.02,0.32,0.61,0.71,0.71,0.72,0.72
238127,0.67,0.88,0.9,0.9,0.91,0.91,15.45,9.8,9.07,8.93,9.36,9.02,0.35,0.74,0.85,0.87,0.95,0.95
131193,0.68,0.91,0.91,0.91,0.92,0.93,21.6,13.41,13.38,13.27,12.67,12.69,0.35,0.66,0.67,0.69,0.72,0.75
633124,0.65,0.72,0.76,0.84,0.84,0.85,17.19,15.99,15.31,13.09,12.65,12.42,0.34,0.45,0.52,0.65,0.67,0.7
634111,0.63,0.8,0.82,0.85,0.86,0.88,18.17,14.73,14.28,13.0,12.69,12.11,0.35,0.51,0.53,0.6,0.61,0.62
131554,0.66,0.75,0.77,0.81,0.84,0.82,25.32,22.86,22.41,20.46,19.08,20.13,0.36,0.42,0.43,0.53,0.57,0.53
131583,0.7,0.77,0.81,0.83,0.89,0.89,22.92,20.86,20.15,19.55,15.99,16.1,0.4,0.46,0.49,0.53,0.64,0.64
324136,0.57,0.8,0.84,0.86,0.9,0.91,16.4,12.92,12.27,12.28,11.61,11.5,0.3,0.63,0.75,0.8,0.91,0.91
111121,0.59,0.85,0.9,0.93,0.95,0.96,20.61,13.89,11.93,10.02,9.17,8.71,0.31,0.62,0.7,0.82,0.93,0.96
