idx,corr1,corr2,corr4,corr8,rmse1,rmse2,rmse4,rmse8,slp1,slp2,slp4,slp8,re1,re2,re4,re8
111121,0.58,0.61,0.64,0.66,23.27,22.89,22.06,21.76,0.27,0.31,0.37,0.41,0.48,0.53,0.51,0.52
111123,0.65,0.68,0.7,0.72,18.32,17.34,16.98,16.64,0.41,0.45,0.49,0.51,0.48,0.41,0.42,0.4
111131,0.54,0.57,0.62,0.65,26.46,25.89,24.31,23.72,0.24,0.28,0.35,0.37,0.32,0.3,0.32,0.3
111141,0.62,0.64,0.67,0.7,22.59,21.94,21.31,20.45,0.32,0.36,0.39,0.42,0.46,0.42,0.41,0.38
111142,0.62,0.63,0.67,0.69,22.42,22.03,20.92,20.31,0.32,0.34,0.39,0.44,0.32,0.3,0.3,0.31
111151,0.59,0.64,0.67,0.67,22.5,21.54,20.78,20.86,0.35,0.36,0.41,0.41,0.41,0.36,0.36,0.35
111152,0.61,0.63,0.68,0.72,23.11,22.38,21.16,20.19,0.29,0.34,0.39,0.43,0.31,0.31,0.32,0.29
111161,0.66,0.68,0.7,0.71,21.8,21.34,20.8,20.62,0.34,0.36,0.4,0.41,0.45,0.41,0.39,0.36
111171,0.61,0.64,0.65,0.63,24.26,22.85,22.69,22.83,0.37,0.38,0.41,0.38,0.64,0.54,0.52,0.49
111181,0.54,0.57,0.6,0.64,31.0,30.79,30.25,28.93,0.24,0.25,0.26,0.31,0.45,0.39,0.38,0.38
111191,0.58,0.62,0.65,0.66,28.06,27.17,26.77,26.07,0.3,0.3,0.3,0.33,0.54,0.41,0.38,0.4
111201,0.55,0.55,0.62,0.66,22.62,22.43,21.02,20.41,0.26,0.3,0.38,0.43,0.36,0.37,0.35,0.37
111212,0.59,0.62,0.62,0.64,26.77,25.63,25.61,25.06,0.28,0.34,0.34,0.36,0.34,0.36,0.36,0.35
111221,0.59,0.61,0.66,0.69,28.36,27.01,25.91,25.09,0.24,0.28,0.32,0.36,0.4,0.41,0.4,0.38
111231,0.65,0.66,0.7,0.7,21.16,20.06,19.21,18.94,0.45,0.43,0.47,0.48,0.46,0.4,0.37,0.35
111241,0.56,0.63,0.66,0.68,24.06,22.29,21.4,20.9,0.36,0.39,0.38,0.41,0.48,0.41,0.36,0.33
111251,0.59,0.63,0.64,0.66,23.82,22.86,22.88,22.12,0.34,0.36,0.34,0.39,0.4,0.37,0.32,0.34
111261,0.63,0.66,0.68,0.7,21.8,21.42,20.95,20.1,0.34,0.4,0.45,0.46,0.44,0.47,0.46,0.39
111262,0.57,0.64,0.68,0.69,30.65,29.22,28.59,28.13,0.24,0.28,0.3,0.33,0.41,0.38,0.35,0.33
111273,0.56,0.61,0.62,0.64,26.19,25.43,24.76,23.98,0.25,0.28,0.3,0.33,0.29,0.28,0.28,0.27
111274,0.62,0.67,0.69,0.69,23.32,22.03,21.41,21.16,0.31,0.38,0.4,0.42,0.41,0.44,0.41,0.4
111281,0.54,0.61,0.65,0.68,23.13,20.36,19.93,18.79,0.41,0.44,0.48,0.5,0.63,0.55,0.54,0.49
111291,0.53,0.55,0.62,0.65,30.91,30.09,28.35,27.74,0.24,0.26,0.32,0.34,0.36,0.36,0.36,0.35
111301,0.63,0.65,0.67,0.68,23.65,22.86,22.26,22.06,0.34,0.35,0.41,0.44,0.49,0.41,0.42,0.43
111311,0.54,0.62,0.65,0.64,26.32,24.62,24.05,24.07,0.28,0.35,0.39,0.38,0.42,0.42,0.43,0.41
131111,0.51,0.57,0.58,0.62,26.13,25.03,24.61,23.71,0.28,0.3,0.33,0.37,0.39,0.38,0.39,0.35
131112,0.59,0.65,0.68,0.7,25.81,24.32,23.57,23.01,0.26,0.31,0.36,0.4,0.54,0.47,0.47,0.47
131113,0.53,0.56,0.6,0.64,27.56,26.85,26.23,25.07,0.27,0.3,0.31,0.37,0.45,0.44,0.43,0.4
131114,0.58,0.6,0.64,0.67,24.43,24.09,23.05,22.46,0.34,0.33,0.39,0.45,0.43,0.41,0.41,0.42
131115,0.59,0.64,0.63,0.66,26.23,24.88,24.74,23.96,0.3,0.34,0.36,0.41,0.37,0.37,0.39,0.37
131117,0.61,0.63,0.65,0.67,28.62,27.95,27.79,27.87,0.31,0.3,0.31,0.32,inf,inf,inf,inf
131121,0.56,0.63,0.62,0.62,24.63,23.37,23.58,23.35,0.29,0.32,0.33,0.35,inf,inf,inf,inf
131123,0.63,0.65,0.67,0.69,24.35,23.75,22.99,22.37,0.31,0.35,0.36,0.4,inf,inf,inf,inf
131124,0.6,0.65,0.68,0.69,24.66,23.66,22.43,22.19,0.32,0.36,0.41,0.42,inf,inf,inf,inf
131126,0.58,0.6,0.61,0.64,22.55,22.17,22.1,21.47,0.31,0.34,0.35,0.38,0.39,0.38,0.4,0.36
131128,0.62,0.66,0.7,0.72,24.55,23.14,21.83,21.51,0.31,0.35,0.42,0.44,inf,inf,inf,inf
131129,0.61,0.62,0.68,0.69,23.61,23.39,22.14,21.7,0.32,0.32,0.37,0.4,0.44,0.43,0.39,0.36
131131,0.53,0.56,0.55,0.55,27.91,27.25,27.42,27.46,0.26,0.27,0.27,0.29,0.54,0.48,0.44,0.45
131132,0.53,0.59,0.59,0.57,29.34,28.17,28.12,28.21,0.24,0.28,0.3,0.31,0.38,0.37,0.35,0.37
131133,0.52,0.56,0.59,0.6,28.03,27.16,26.34,26.2,0.26,0.3,0.32,0.34,inf,inf,inf,inf
131141,0.54,0.61,0.66,0.7,27.17,25.82,24.18,23.03,0.27,0.32,0.41,0.43,0.55,0.52,0.46,0.42
131142,0.59,0.62,0.65,0.7,26.47,24.98,24.47,23.42,0.29,0.36,0.38,0.4,inf,inf,inf,inf
131144,0.65,0.67,0.72,0.72,29.0,28.61,27.24,27.31,0.3,0.33,0.36,0.37,inf,inf,inf,inf
131145,0.59,0.59,0.66,0.69,26.95,26.46,24.51,23.77,0.26,0.28,0.37,0.4,0.37,0.39,0.37,0.36
131161,0.6,0.64,0.66,0.68,22.98,21.93,21.76,21.09,0.34,0.4,0.38,0.41,0.4,0.38,0.33,0.33
131163,0.53,0.59,0.68,0.72,30.49,28.1,25.82,24.54,0.19,0.26,0.33,0.37,0.32,0.32,0.32,0.31
131191,0.64,0.68,0.7,0.71,25.1,23.97,23.2,22.58,0.29,0.36,0.41,0.44,0.51,0.57,0.54,0.51
131192,0.6,0.62,0.66,0.69,27.74,27.38,27.04,26.24,0.32,0.33,0.35,0.38,0.4,0.33,0.3,0.29
131193,0.55,0.59,0.64,0.65,26.51,25.59,24.36,24.33,0.24,0.3,0.36,0.39,inf,inf,inf,inf
131194,0.61,0.63,0.65,0.7,28.72,28.62,29.06,26.8,0.3,0.32,0.31,0.39,0.41,0.35,0.32,0.31
131195,0.65,0.65,0.69,0.71,22.36,22.2,21.3,20.99,0.37,0.36,0.42,0.46,0.45,0.43,0.45,0.46
131196,0.13,0.51,0.54,0.56,33.77,31.45,31.24,30.04,0.06,0.32,0.34,0.36,0.78,0.89,0.89,0.82
131197,0.6,0.66,0.7,0.71,22.06,21.01,20.18,20.1,0.36,0.42,0.47,0.5,0.42,0.42,0.43,0.43
131201,0.66,0.7,0.71,0.72,23.98,23.03,22.47,21.59,0.32,0.37,0.42,0.44,0.59,0.58,0.55,0.46
131202,0.54,0.58,0.6,0.62,26.49,25.67,25.02,24.47,0.28,0.29,0.34,0.36,0.43,0.43,0.47,0.44
131211,0.58,0.64,0.64,0.66,27.24,25.68,25.63,25.24,0.32,0.34,0.34,0.34,0.52,0.44,0.44,0.4
131212,0.61,0.62,0.65,0.68,29.98,29.65,29.49,28.64,0.28,0.29,0.29,0.32,inf,inf,inf,inf
131222,0.57,0.62,0.63,0.67,26.61,25.86,25.36,24.41,0.27,0.3,0.34,0.4,inf,inf,inf,inf
131223,0.61,0.62,0.65,0.67,23.03,22.84,21.88,21.53,0.35,0.4,0.42,0.42,0.48,0.47,0.42,0.41
131231,0.59,0.66,0.69,0.71,27.9,25.85,24.83,24.25,0.32,0.39,0.42,0.44,0.54,0.46,0.45,0.42
131232,0.67,0.68,0.69,0.7,29.37,28.61,28.33,27.95,0.33,0.37,0.37,0.39,0.39,0.39,0.38,0.38
131233,0.58,0.61,0.63,0.66,26.43,25.57,25.18,24.41,0.28,0.33,0.35,0.38,0.52,0.52,0.49,0.49
131234,0.54,0.62,0.67,0.69,27.02,25.08,23.97,23.11,0.31,0.34,0.36,0.42,0.47,0.41,0.34,0.34
131235,0.57,0.61,0.67,0.71,27.77,26.96,25.26,24.33,0.27,0.29,0.36,0.39,0.5,0.42,0.38,0.33
131237,0.69,0.71,0.73,0.73,25.79,25.21,24.29,23.94,0.35,0.38,0.41,0.43,0.41,0.38,0.38,0.38
131241,0.58,0.59,0.61,0.63,23.83,23.46,23.0,22.74,0.3,0.32,0.36,0.38,inf,inf,inf,inf
131242,0.54,0.61,0.63,0.66,25.19,23.73,23.19,22.45,0.27,0.31,0.36,0.39,inf,inf,inf,inf
131243,0.62,0.64,0.67,0.66,25.81,25.05,24.45,24.7,0.31,0.36,0.37,0.36,0.42,0.44,0.4,0.39
131244,0.56,0.63,0.66,0.64,26.97,25.63,24.8,25.18,0.3,0.34,0.36,0.36,0.47,0.41,0.43,0.43
131246,0.57,0.61,0.63,0.65,25.65,23.88,23.6,22.98,0.32,0.35,0.37,0.39,0.61,0.46,0.41,0.41
131247,0.55,0.61,0.61,0.63,24.45,23.49,23.11,22.52,0.29,0.32,0.35,0.38,0.4,0.36,0.37,0.36
131341,0.59,0.67,0.7,0.72,29.73,27.87,26.69,26.01,0.32,0.38,0.41,0.43,0.43,0.33,0.32,0.32
131342,0.65,0.68,0.72,0.72,28.78,27.39,26.33,26.14,0.32,0.39,0.41,0.41,0.34,0.4,0.35,0.33
131343,0.63,0.66,0.67,0.71,36.45,35.92,33.79,33.87,0.29,0.32,0.35,0.36,0.35,0.33,0.37,0.33
131344,0.61,0.67,0.68,0.7,28.51,27.41,26.43,25.85,0.31,0.34,0.37,0.39,0.36,0.33,0.34,0.33
131345,0.65,0.68,0.71,0.73,27.22,27.28,25.28,24.56,0.36,0.43,0.43,0.45,0.51,0.58,0.45,0.43
131346,0.65,0.68,0.71,0.72,26.1,25.51,24.16,23.89,0.37,0.4,0.44,0.48,0.57,0.56,0.49,0.5
131371,0.43,0.42,0.44,0.45,24.32,24.35,23.83,23.82,0.25,0.25,0.25,0.27,inf,inf,inf,inf
131372,0.42,0.5,0.55,0.57,31.53,30.21,28.95,28.41,0.15,0.2,0.26,0.3,0.48,0.48,0.5,0.49
131374,0.43,0.49,0.56,0.64,29.25,28.9,27.17,25.16,0.19,0.24,0.28,0.34,0.64,0.71,0.63,0.54
131381,0.46,0.51,0.58,0.63,31.5,30.52,29.04,28.01,0.18,0.23,0.28,0.3,0.53,0.56,0.52,0.47
131382,0.43,0.49,0.56,0.55,32.78,31.65,30.37,30.38,0.16,0.2,0.25,0.26,0.45,0.48,0.41,0.42
131384,0.54,0.53,0.59,0.64,27.47,28.04,26.37,25.1,0.28,0.28,0.33,0.37,0.49,0.54,0.46,0.39
131385,0.47,0.54,0.61,0.64,26.02,25.06,23.38,22.71,0.24,0.27,0.33,0.36,0.56,0.56,0.5,0.48
131392,0.65,0.67,0.69,0.71,24.23,23.71,22.93,22.41,0.34,0.36,0.41,0.44,0.36,0.35,0.37,0.35
131394,0.65,0.69,0.7,0.71,23.53,21.83,21.5,20.84,0.4,0.42,0.43,0.47,0.52,0.44,0.42,0.39
131395,0.67,0.72,0.74,0.73,27.22,26.05,25.53,25.91,0.35,0.37,0.4,0.39,0.48,0.4,0.36,0.36
131411,0.53,0.62,0.68,0.69,26.37,24.71,23.56,23.02,0.28,0.35,0.42,0.42,0.64,0.61,0.59,0.57
131412,0.63,0.66,0.69,0.69,25.64,24.7,23.61,23.46,0.31,0.34,0.37,0.39,inf,inf,inf,inf
131413,0.56,0.65,0.66,0.69,24.32,22.28,21.98,21.65,0.3,0.38,0.4,0.42,inf,inf,inf,inf
131415,0.66,0.67,0.69,0.7,26.68,26.17,25.35,25.08,0.32,0.34,0.38,0.39,0.34,0.33,0.32,0.32
131416,0.59,0.63,0.66,0.7,28.22,28.15,27.22,24.99,0.27,0.28,0.31,0.39,0.4,0.35,0.34,0.35
131417,0.67,0.69,0.71,0.73,24.99,23.39,23.09,22.1,0.43,0.43,0.45,0.49,0.58,0.46,0.47,0.39
131442,0.62,0.66,0.69,0.7,26.91,24.81,23.58,22.61,0.39,0.45,0.47,0.49,inf,inf,inf,inf
131443,0.51,0.57,0.59,0.63,28.95,27.76,25.7,24.78,0.27,0.36,0.34,0.38,0.67,0.64,0.47,0.43
131444,0.62,0.68,0.69,0.7,29.96,27.11,27.1,26.68,0.29,0.34,0.37,0.38,0.31,0.32,0.29,0.29
131453,0.64,0.65,0.68,0.68,25.05,24.61,23.87,23.88,0.34,0.37,0.38,0.39,0.53,0.52,0.5,0.48
131454,0.45,0.59,0.64,0.65,26.67,22.21,21.44,21.28,0.3,0.36,0.41,0.43,inf,inf,inf,inf
131471,0.56,0.6,0.64,0.68,31.63,30.92,29.8,28.39,0.24,0.25,0.29,0.35,0.48,0.45,0.42,0.39
131472,0.46,0.52,0.58,0.62,29.9,28.59,27.15,26.29,0.25,0.27,0.3,0.35,0.51,0.48,0.4,0.39
131473,0.57,0.62,0.67,0.67,31.55,29.43,28.05,27.9,0.3,0.31,0.34,0.35,0.77,0.62,0.56,0.55
131474,0.56,0.6,0.66,0.68,32.33,31.22,30.26,29.57,0.24,0.28,0.31,0.34,0.38,0.37,0.33,0.31
131501,0.64,0.66,0.67,0.7,26.65,25.83,25.76,24.84,0.32,0.37,0.36,0.39,0.4,0.41,0.37,0.37
131502,0.65,0.67,0.69,0.73,26.28,25.77,24.94,23.98,0.33,0.38,0.38,0.42,0.49,0.5,0.45,0.44
131531,0.57,0.61,0.65,0.67,25.77,25.03,24.07,23.62,0.29,0.31,0.36,0.41,0.43,0.4,0.42,0.44
131541,0.53,0.57,0.58,0.62,28.83,26.91,26.51,25.43,0.27,0.29,0.3,0.33,inf,inf,inf,inf
131542,0.57,0.61,0.64,0.67,27.21,26.86,25.89,25.37,0.28,0.3,0.34,0.36,0.33,0.31,0.29,0.28
131551,0.46,0.49,0.49,0.56,31.89,31.54,31.44,29.78,0.21,0.21,0.21,0.27,0.43,0.39,0.4,0.39
131552,0.61,0.66,0.71,0.72,29.24,26.93,25.43,24.83,0.31,0.37,0.41,0.42,0.63,0.51,0.47,0.42
131553,0.62,0.67,0.69,0.7,25.11,23.86,23.07,22.85,0.29,0.35,0.39,0.4,0.38,0.37,0.34,0.36
131554,0.59,0.62,0.62,0.64,26.48,25.8,25.76,25.51,0.29,0.32,0.35,0.38,0.49,0.47,0.53,0.56
131555,0.56,0.61,0.62,0.63,26.86,25.82,25.75,25.22,0.28,0.31,0.3,0.33,inf,inf,inf,inf
131556,0.6,0.62,0.62,0.67,27.7,27.27,26.44,25.03,0.25,0.27,0.31,0.37,inf,inf,inf,inf
131557,0.54,0.55,0.55,0.64,30.07,30.32,30.76,29.6,0.26,0.25,0.25,0.31,0.38,0.35,0.34,0.32
131558,0.53,0.53,0.59,0.58,32.67,32.46,32.02,32.35,0.23,0.24,0.26,0.25,0.46,0.44,0.38,0.37
131561,0.5,0.51,0.58,0.56,32.45,32.09,30.44,30.88,0.24,0.25,0.28,0.28,inf,inf,inf,inf
131562,0.54,0.54,0.62,0.66,29.89,29.72,27.91,26.87,0.24,0.27,0.32,0.36,inf,inf,inf,inf
131571,0.48,0.52,0.55,0.58,32.59,31.89,31.45,30.96,0.23,0.24,0.25,0.26,0.62,0.58,0.56,0.52
131581,0.59,0.67,0.69,0.71,31.63,29.21,28.17,26.48,0.38,0.43,0.48,0.49,inf,inf,inf,inf
131583,0.64,0.66,0.69,0.72,28.35,28.42,27.69,25.85,0.32,0.35,0.38,0.45,0.6,0.48,0.46,0.44
131584,0.67,0.7,0.7,0.72,28.6,28.54,27.9,27.11,0.36,0.4,0.4,0.43,inf,inf,inf,inf
131591,0.56,0.62,0.65,0.67,26.29,25.42,24.5,23.92,0.28,0.36,0.38,0.41,inf,inf,inf,inf
131592,0.59,0.66,0.69,0.7,24.98,23.54,22.5,22.07,0.32,0.35,0.43,0.45,0.53,0.44,0.46,0.46
131593,0.62,0.66,0.67,0.69,25.89,24.99,25.4,24.51,0.37,0.39,0.38,0.43,0.37,0.32,0.28,0.28
131601,0.55,0.62,0.61,0.64,26.32,24.91,24.63,23.64,0.33,0.37,0.38,0.37,inf,inf,inf,inf
131611,0.6,0.63,0.64,0.66,23.92,23.37,23.28,22.68,0.32,0.34,0.34,0.36,inf,inf,inf,inf
131612,0.62,0.65,0.71,0.71,23.79,22.31,20.78,20.78,0.36,0.38,0.43,0.43,0.59,0.46,0.41,0.42
131621,0.57,0.6,0.63,0.62,24.95,24.44,23.43,23.6,0.31,0.33,0.36,0.36,inf,inf,inf,inf
131622,0.61,0.63,0.68,0.7,24.35,23.66,22.16,21.47,0.31,0.33,0.39,0.42,0.37,0.38,0.37,0.37
132112,0.45,0.61,0.63,0.64,24.81,21.98,21.29,21.01,0.15,0.3,0.37,0.38,0.51,0.45,0.47,0.45
132113,0.44,0.46,0.55,0.57,20.1,20.11,17.53,16.65,0.36,0.4,0.42,0.43,0.63,0.6,0.54,0.48
132118,0.65,0.61,0.68,0.69,23.65,24.73,22.87,22.49,0.3,0.24,0.33,0.36,0.69,0.63,0.6,0.55
132402,0.63,0.66,0.69,0.7,20.25,19.88,19.45,19.46,0.29,0.38,0.4,0.43,0.69,0.76,0.77,0.81
221112,0.52,0.6,0.76,0.79,26.12,24.35,20.02,19.34,0.23,0.32,0.49,0.54,0.6,0.52,0.5,0.57
221141,0.78,0.8,0.81,0.82,27.04,25.59,24.89,24.42,0.44,0.49,0.51,0.54,0.41,0.41,0.41,0.47
221142,0.71,0.76,0.78,0.8,23.66,22.3,21.78,20.95,0.39,0.43,0.45,0.49,0.51,0.51,0.53,0.55
221152,0.67,0.69,0.76,0.79,25.0,24.25,21.97,21.36,0.37,0.4,0.45,0.48,0.39,0.38,0.37,0.35
221172,0.63,0.7,0.76,0.78,27.23,24.43,22.48,22.24,0.37,0.42,0.48,0.48,0.39,0.42,0.37,0.36
221174,0.77,0.76,0.79,0.82,24.66,25.15,23.54,21.74,0.45,0.45,0.5,0.51,0.84,0.87,0.78,0.66
221181,0.63,0.68,0.71,0.74,28.05,26.97,27.28,26.72,0.32,0.36,0.35,0.39,0.34,0.32,0.31,0.31
221182,0.7,0.72,0.76,0.74,21.27,20.53,19.59,20.1,0.4,0.42,0.45,0.42,0.33,0.32,0.3,0.31
221191,0.46,0.49,0.68,0.7,25.95,25.39,22.19,21.47,0.15,0.19,0.3,0.34,0.73,0.71,0.55,0.58
221192,0.72,0.76,0.81,0.83,22.22,21.35,19.68,18.67,0.44,0.43,0.49,0.53,0.51,0.45,0.39,0.43
221193,0.68,0.71,0.74,0.75,25.13,24.44,23.2,22.91,0.35,0.37,0.42,0.42,0.44,0.42,0.4,0.42
221202,0.69,0.72,0.75,0.76,24.32,22.91,22.58,21.63,0.36,0.43,0.45,0.49,0.32,0.31,0.3,0.3
221211,0.7,0.72,0.73,0.74,21.75,21.22,20.78,20.42,0.35,0.36,0.41,0.4,0.63,0.58,0.62,0.55
221212,0.66,0.68,0.71,0.72,23.14,22.91,22.1,21.45,0.37,0.38,0.45,0.44,0.48,0.52,0.53,0.45
221213,0.58,0.62,0.76,0.77,25.57,24.56,20.57,20.01,0.24,0.28,0.48,0.49,0.39,0.44,0.44,0.39
221221,0.55,0.76,0.79,0.81,25.22,19.62,18.52,17.74,0.31,0.49,0.52,0.55,0.68,0.5,0.49,0.47
221231,0.68,0.76,0.79,0.81,23.55,21.26,19.96,19.67,0.36,0.46,0.5,0.49,0.54,0.53,0.5,0.47
221233,0.57,0.69,0.77,0.8,26.62,22.67,20.61,19.91,0.43,0.42,0.45,0.47,0.73,0.55,0.5,0.5
221241,0.53,0.75,0.8,0.82,25.36,20.46,18.02,17.34,0.24,0.45,0.56,0.6,0.55,0.56,0.49,0.5
221251,0.73,0.74,0.77,0.77,17.6,17.47,16.56,16.57,0.48,0.48,0.54,0.53,0.44,0.41,0.4,0.42
221253,0.65,0.77,0.78,0.8,22.99,19.93,19.57,18.85,0.35,0.46,0.47,0.49,0.55,0.52,0.46,0.47
221281,0.61,0.62,0.66,0.71,21.08,20.6,19.63,18.6,0.33,0.36,0.38,0.42,0.37,0.37,0.38,0.41
221282,0.55,0.72,0.75,0.75,25.5,20.15,18.96,19.26,0.3,0.44,0.48,0.44,0.64,0.45,0.4,0.37
221283,0.54,0.73,0.78,0.8,26.09,21.36,19.39,18.74,0.25,0.45,0.5,0.52,0.39,0.49,0.41,0.36
221284,0.69,0.75,0.75,0.78,22.08,19.52,19.54,18.15,0.47,0.47,0.53,0.56,0.6,0.47,0.47,0.4
238111,0.61,0.65,0.69,0.7,20.35,19.78,19.42,19.08,0.34,0.33,0.36,0.38,0.4,0.36,0.32,0.31
238112,0.65,0.67,0.69,0.7,20.79,20.61,20.48,20.12,0.34,0.34,0.34,0.38,0.46,0.41,0.38,0.35
238113,0.54,0.6,0.63,0.65,21.66,20.48,19.72,19.24,0.28,0.3,0.33,0.35,0.71,0.63,0.59,0.55
238120,0.7,0.67,0.74,0.77,25.55,28.53,25.39,23.1,0.34,0.45,0.48,0.5,0.48,0.83,0.7,0.58
238121,0.69,0.77,0.79,0.8,23.71,20.99,20.51,20.79,0.46,0.5,0.49,0.52,0.55,0.49,0.45,0.53
238122,0.72,0.67,0.72,0.79,28.07,28.92,26.81,24.92,0.39,0.41,0.43,0.46,0.43,0.71,0.56,0.46
238123,0.36,0.43,0.49,0.52,48.99,48.74,48.3,47.32,0.16,0.18,0.2,0.24,0.49,0.43,0.41,0.4
238124,0.68,0.77,0.81,0.82,24.8,22.28,20.41,20.34,0.39,0.46,0.54,0.58,0.45,0.41,0.4,0.49
238125,0.7,0.77,0.8,0.81,24.73,22.58,21.14,20.45,0.38,0.45,0.51,0.56,0.39,0.36,0.37,0.45
238127,0.71,0.77,0.8,0.81,24.5,22.57,20.8,20.44,0.37,0.45,0.53,0.57,0.39,0.39,0.37,0.43
238128,0.66,0.74,0.74,0.75,27.72,25.13,25.15,25.4,0.33,0.43,0.46,0.5,0.58,0.54,0.56,0.66
238129,0.7,0.75,0.77,0.74,20.89,19.65,18.84,19.83,0.4,0.44,0.5,0.45,0.46,0.45,0.45,0.46
238130,0.69,0.75,0.76,0.78,28.99,27.28,25.14,24.49,0.31,0.39,0.45,0.47,0.37,0.34,0.41,0.36
238131,0.51,0.53,0.54,0.55,24.52,24.12,23.82,23.58,0.22,0.22,0.23,0.24,inf,inf,inf,inf
238132,0.52,0.57,0.56,0.58,23.28,22.48,22.71,22.45,0.23,0.25,0.25,0.26,0.46,0.45,0.43,0.42
238133,0.52,0.55,0.57,0.59,19.64,19.23,18.94,18.71,0.27,0.29,0.31,0.32,0.46,0.42,0.39,0.36
238134,0.54,0.58,0.57,0.62,23.38,22.68,22.64,21.68,0.23,0.25,0.26,0.29,0.61,0.57,0.55,0.47
238141,0.54,0.61,0.59,0.62,19.53,18.58,18.87,18.27,0.25,0.36,0.37,0.38,0.54,0.56,0.56,0.52
238142,0.6,0.66,0.69,0.72,16.87,15.99,15.47,14.55,0.34,0.43,0.5,0.52,0.39,0.41,0.39,0.35
238143,0.53,0.59,0.64,0.64,18.77,18.26,16.99,17.15,0.3,0.37,0.38,0.39,0.54,0.55,0.48,0.51
238144,0.56,0.66,0.69,0.7,23.25,21.89,21.51,20.77,0.27,0.31,0.32,0.35,inf,inf,inf,inf
238146,0.58,0.65,0.64,0.66,21.36,19.99,20.05,19.66,0.32,0.34,0.34,0.36,inf,inf,inf,inf
238151,0.51,0.54,0.57,0.62,17.26,17.0,16.92,16.35,0.26,0.28,0.34,0.36,inf,inf,inf,inf
238152,0.58,0.6,0.66,0.67,18.52,18.22,16.92,16.69,0.34,0.38,0.4,0.42,0.48,0.45,0.37,0.35
238161,0.41,0.48,0.5,0.49,19.9,20.71,19.06,19.04,0.18,0.33,0.28,0.27,0.54,0.68,0.58,0.56
238162,0.42,0.47,0.5,0.52,23.3,22.57,21.16,20.01,0.31,0.32,0.3,0.31,0.8,0.82,0.75,0.67
238181,0.53,0.59,0.6,0.65,25.74,24.76,24.67,23.49,0.24,0.27,0.26,0.31,0.44,0.44,0.43,0.47
238182,0.6,0.64,0.65,0.66,22.13,21.24,21.02,21.09,0.34,0.35,0.35,0.36,0.6,0.52,0.51,0.53
238183,0.52,0.57,0.6,0.62,21.1,20.17,19.78,19.39,0.32,0.32,0.35,0.36,0.5,0.4,0.37,0.36
238184,0.49,0.52,0.52,0.54,23.94,23.92,24.61,23.42,0.22,0.22,0.2,0.23,0.43,0.41,0.38,0.4
238201,0.64,0.66,0.67,0.7,20.61,20.54,20.12,19.88,0.45,0.48,0.49,0.52,0.7,0.71,0.69,0.75
238203,0.63,0.64,0.62,0.64,24.2,23.29,23.68,23.08,0.27,0.31,0.31,0.33,0.44,0.51,0.5,0.51
238211,0.49,0.51,0.52,0.55,23.6,23.07,22.89,22.61,0.22,0.23,0.24,0.26,0.39,0.41,0.4,0.37
238212,0.44,0.46,0.51,0.54,27.23,26.86,26.15,25.61,0.17,0.17,0.21,0.22,0.64,0.56,0.52,0.5
238361,0.52,0.55,0.55,0.61,19.41,18.17,18.26,17.57,0.3,0.31,0.31,0.39,inf,inf,inf,inf
238362,0.66,0.68,0.7,0.73,26.87,27.21,26.95,25.66,0.32,0.28,0.28,0.34,0.59,0.52,0.46,0.43
238363,0.51,0.53,0.58,0.6,23.28,22.64,21.77,21.18,0.21,0.23,0.27,0.3,0.38,0.38,0.36,0.37
238371,0.65,0.7,0.7,0.74,24.6,22.9,23.99,21.71,0.36,0.48,0.5,0.54,0.46,0.49,0.61,0.49
238373,0.7,0.74,0.75,0.79,26.49,24.69,25.31,23.03,0.42,0.44,0.46,0.48,0.61,0.52,0.67,0.54
238374,0.6,0.61,0.64,0.7,25.44,25.6,24.57,22.8,0.36,0.33,0.33,0.38,0.66,0.69,0.61,0.53
238375,0.44,0.45,0.48,0.51,25.8,25.71,25.33,24.91,0.19,0.19,0.2,0.22,0.51,0.49,0.5,0.51
238376,0.73,0.76,0.78,0.8,28.48,27.36,26.61,24.66,0.29,0.32,0.34,0.4,0.42,0.42,0.41,0.45
238377,0.63,0.65,0.76,0.78,22.83,22.59,19.65,18.59,0.34,0.33,0.45,0.51,0.52,0.51,0.47,0.47
238378,0.67,0.68,0.67,0.7,24.64,24.53,24.19,23.54,0.28,0.29,0.31,0.33,0.51,0.51,0.52,0.51
238381,0.66,0.67,0.76,0.79,25.72,28.66,24.32,21.95,0.39,0.49,0.56,0.57,0.42,0.8,0.64,0.54
238401,0.49,0.57,0.61,0.6,20.86,19.61,18.78,18.91,0.2,0.31,0.33,0.31,0.43,0.51,0.47,0.43
238411,0.44,0.43,0.45,0.44,26.56,26.59,26.63,26.76,0.24,0.17,0.16,0.16,0.56,0.49,0.45,0.44
238421,0.4,0.53,0.61,0.6,27.37,23.87,22.5,22.61,0.25,0.25,0.31,0.29,0.76,0.53,0.5,0.47
238431,0.54,0.57,0.59,0.63,19.59,18.94,18.3,17.65,0.2,0.25,0.31,0.36,0.5,0.52,0.5,0.5
238441,0.47,0.56,0.6,0.6,20.34,19.23,18.49,18.57,0.26,0.26,0.29,0.29,0.48,0.41,0.41,0.41
238451,0.43,0.53,0.6,0.63,20.96,19.47,18.47,18.16,0.22,0.28,0.32,0.4,0.6,0.55,0.52,0.56
238461,0.31,0.35,0.49,0.52,27.39,26.73,23.46,22.97,0.19,0.2,0.24,0.27,0.81,0.81,0.6,0.59
238471,0.37,0.47,0.5,0.54,23.18,22.09,21.63,21.07,0.11,0.19,0.21,0.24,0.58,0.59,0.58,0.57
238491,0.5,0.54,0.54,0.58,19.53,18.95,18.99,18.27,0.25,0.27,0.28,0.3,0.56,0.55,0.54,0.52
238501,0.41,0.46,0.54,0.58,19.51,18.05,17.06,16.54,0.23,0.24,0.31,0.35,0.56,0.42,0.43,0.41
238511,0.39,0.48,0.53,0.58,22.33,21.24,20.64,19.69,0.17,0.2,0.23,0.32,0.53,0.43,0.4,0.42
324115,0.52,0.63,0.64,0.61,24.67,21.81,21.49,21.94,0.31,0.38,0.38,0.35,0.66,0.51,0.5,0.46
324121,0.55,0.57,0.59,0.62,24.44,23.57,23.34,22.33,0.3,0.31,0.36,0.37,0.6,0.52,0.51,0.43
324124,0.5,0.54,0.52,0.55,28.46,27.3,27.74,26.98,0.25,0.26,0.27,0.28,0.65,0.56,0.56,0.52
324125,0.49,0.51,0.55,0.56,29.75,29.58,28.81,28.73,0.25,0.25,0.28,0.28,0.4,0.37,0.36,0.35
324133,0.59,0.57,0.6,0.59,23.59,23.73,23.19,23.32,0.28,0.29,0.33,0.34,0.48,0.48,0.48,0.5
324136,0.54,0.58,0.62,0.63,22.32,21.61,21.58,21.36,0.29,0.35,0.41,0.43,0.64,0.61,0.65,0.63
324142,0.52,0.53,0.54,0.57,26.28,26.36,25.84,25.28,0.28,0.29,0.27,0.32,0.51,0.53,0.45,0.46
324143,0.48,0.55,0.58,0.58,28.11,26.51,25.97,26.04,0.24,0.29,0.31,0.3,0.57,0.47,0.45,0.43
324148,0.55,0.56,0.59,0.63,31.04,30.59,30.13,29.96,0.23,0.24,0.27,0.26,0.4,0.41,0.38,0.35
324155,0.48,0.53,0.58,0.6,29.69,29.07,27.76,27.62,0.19,0.22,0.26,0.27,0.43,0.4,0.41,0.39
335115,0.63,0.65,0.65,0.71,25.07,24.61,24.69,22.79,0.35,0.36,0.37,0.41,0.58,0.58,0.59,0.44
336111,0.55,0.61,0.59,0.6,32.76,30.98,31.94,31.89,0.21,0.27,0.23,0.23,0.42,0.51,0.49,0.43
336112,0.5,0.56,0.54,0.53,30.5,29.85,29.93,29.72,0.26,0.31,0.26,0.26,0.59,0.68,0.62,0.57
336121,0.57,0.64,0.68,0.68,26.15,24.63,23.59,23.7,0.25,0.3,0.35,0.34,0.55,0.43,0.41,0.42
336124,0.52,0.52,0.57,0.62,25.06,24.99,24.33,23.51,0.31,0.27,0.3,0.33,0.48,0.47,0.41,0.38
336125,0.53,0.56,0.63,0.64,24.62,24.23,22.68,22.48,0.25,0.25,0.35,0.36,0.58,0.58,0.54,0.56
336127,0.58,0.57,0.61,0.64,22.03,22.1,21.44,21.11,0.28,0.28,0.31,0.33,0.45,0.47,0.47,0.5
336128,0.54,0.57,0.62,0.63,26.6,26.2,24.8,24.7,0.27,0.3,0.36,0.35,0.56,0.5,0.51,0.49
336131,0.55,0.53,0.57,0.61,21.37,21.42,20.82,20.21,0.24,0.26,0.27,0.32,0.6,0.64,0.61,0.67
336132,0.53,0.58,0.59,0.61,20.55,19.81,19.64,19.7,0.23,0.3,0.31,0.34,0.62,0.61,0.61,0.69
336133,0.39,0.4,0.48,0.51,26.66,26.37,24.56,24.22,0.2,0.21,0.24,0.24,0.73,0.69,0.53,0.5
336134,0.56,0.56,0.57,0.59,27.29,27.44,27.46,27.06,0.26,0.26,0.25,0.25,0.64,0.55,0.53,0.54
336135,0.51,0.51,0.53,0.61,25.35,24.8,24.61,23.22,0.19,0.23,0.23,0.29,0.8,0.98,0.9,0.99
336141,0.48,0.47,0.51,0.52,27.32,26.66,25.36,24.96,0.35,0.33,0.35,0.35,0.65,0.59,0.55,0.53
336151,0.36,0.51,0.54,0.56,34.77,32.93,31.22,30.89,0.13,0.17,0.22,0.23,0.54,0.46,0.48,0.48
336161,0.48,0.56,0.6,0.62,27.75,26.66,25.42,24.94,0.23,0.26,0.3,0.32,0.65,0.5,0.51,0.52
336221,0.12,0.02,0.07,-0.02,33.77,33.14,32.8,33.76,0.01,0.0,0.01,-0.0,1.24,1.1,1.08,1.19
336222,0.6,0.62,0.59,0.62,25.25,25.04,25.73,25.39,0.3,0.3,0.27,0.28,0.49,0.43,0.41,0.39
336223,0.61,0.64,0.65,0.63,26.48,26.0,25.89,26.39,0.24,0.26,0.27,0.25,0.54,0.5,0.4,0.41
336352,0.49,0.54,0.52,0.54,28.22,28.16,29.07,28.62,0.27,0.25,0.2,0.22,0.43,0.35,0.34,0.34
336353,0.53,0.62,0.59,0.61,30.65,27.24,27.53,27.85,0.17,0.26,0.25,0.24,0.54,0.6,0.64,0.57
336355,0.39,0.44,0.52,0.54,19.83,18.89,17.89,18.0,0.24,0.27,0.33,0.36,0.61,0.51,0.48,0.54
336361,0.39,0.34,0.47,0.49,32.34,32.33,30.22,29.81,0.11,0.14,0.19,0.21,0.58,0.81,0.73,0.69
336441,0.54,0.58,0.55,0.55,32.02,30.25,31.39,31.74,0.23,0.3,0.26,0.24,0.36,0.36,0.36,0.35
336442,0.41,0.36,0.53,0.56,32.69,32.26,29.45,28.69,0.13,0.12,0.22,0.26,0.39,0.42,0.39,0.39
336452,0.32,0.39,0.41,0.43,29.28,27.18,27.33,26.91,0.19,0.22,0.25,0.26,0.87,0.74,0.75,0.73
336461,0.43,0.46,0.46,0.49,29.42,29.1,28.94,28.12,0.17,0.18,0.19,0.21,0.39,0.37,0.37,0.39
336471,0.42,0.49,0.53,0.53,31.81,30.46,29.32,29.33,0.14,0.19,0.26,0.26,0.5,0.48,0.55,0.55
336481,0.33,0.33,0.43,0.39,30.82,30.94,30.49,30.81,0.14,0.14,0.22,0.2,0.57,0.59,0.69,0.65
336491,0.11,0.11,0.08,0.05,46.99,40.96,42.35,42.95,0.02,0.02,0.02,0.01,1.45,0.85,0.99,1.12
336501,0.4,0.37,0.43,0.48,30.12,31.15,29.71,28.74,0.17,0.18,0.21,0.23,0.66,0.71,0.61,0.57
336511,0.38,0.36,0.39,0.54,28.35,28.82,28.26,26.1,0.13,0.11,0.13,0.23,0.61,0.53,0.57,0.52
336521,0.05,0.08,0.01,-0.06,39.98,34.18,35.21,36.15,0.01,0.02,0.0,-0.01,1.59,1.16,1.25,1.32
336531,0.49,0.54,0.53,0.58,28.5,27.15,27.37,26.24,0.22,0.29,0.32,0.3,0.4,0.4,0.44,0.4
336541,0.44,0.49,0.54,0.54,21.65,21.4,20.89,21.36,0.22,0.28,0.32,0.33,0.56,0.6,0.62,0.65
336551,0.41,0.55,0.57,0.62,25.88,23.72,23.82,22.62,0.12,0.26,0.32,0.37,0.58,0.56,0.65,0.6
336561,0.29,0.45,0.49,0.51,31.04,28.79,29.0,28.84,0.13,0.19,0.19,0.2,0.67,0.54,0.47,0.46
336571,0.35,0.52,0.57,0.57,27.38,25.13,24.41,24.06,0.15,0.22,0.25,0.28,0.65,0.49,0.47,0.49
336572,0.51,0.52,0.59,0.57,27.35,27.17,25.52,25.88,0.26,0.28,0.3,0.29,0.63,0.62,0.49,0.51
339111,0.6,0.57,0.65,0.67,32.82,33.88,31.42,31.56,0.35,0.37,0.36,0.33,0.4,0.4,0.35,0.33
339112,0.56,0.57,0.58,0.63,36.03,35.32,35.3,34.09,0.24,0.3,0.28,0.29,0.41,0.39,0.36,0.36
339113,0.52,0.55,0.56,0.55,45.42,44.45,44.03,44.53,0.18,0.21,0.22,0.21,0.48,0.44,0.44,0.44
339114,0.4,0.54,0.54,0.58,38.45,35.57,35.56,34.51,0.17,0.22,0.22,0.26,0.55,0.43,0.43,0.42
339121,0.54,0.54,0.55,0.58,29.7,29.67,29.71,28.81,0.3,0.32,0.35,0.35,0.65,0.62,0.63,0.63
339122,0.55,0.5,0.56,0.56,36.53,37.96,37.25,36.27,0.25,0.19,0.2,0.26,0.46,0.46,0.43,0.43
339123,0.57,0.54,0.49,0.52,30.81,30.93,32.35,31.55,0.25,0.3,0.31,0.34,0.52,0.55,0.62,0.6
339131,0.47,0.47,0.47,0.54,30.79,30.66,30.83,29.8,0.25,0.24,0.26,0.36,0.53,0.53,0.52,0.52
422114,0.63,0.65,0.7,0.72,24.38,23.75,22.43,21.78,0.33,0.37,0.43,0.45,0.39,0.38,0.35,0.35
422115,0.57,0.66,0.67,0.68,24.74,22.23,21.86,21.67,0.32,0.39,0.4,0.43,0.64,0.5,0.49,0.48
422121,0.55,0.57,0.64,0.67,28.12,27.22,25.53,24.69,0.22,0.26,0.33,0.37,0.41,0.43,0.43,0.41
422132,0.62,0.64,0.65,0.68,25.5,25.21,24.78,24.04,0.33,0.33,0.35,0.37,0.48,0.47,0.46,0.43
422141,0.59,0.64,0.65,0.7,25.42,24.11,23.79,22.31,0.32,0.38,0.39,0.44,0.5,0.47,0.46,0.4
422154,0.62,0.68,0.7,0.72,24.72,23.44,22.74,22.39,0.31,0.37,0.4,0.42,0.46,0.39,0.38,0.37
422155,0.54,0.57,0.62,0.65,27.8,27.18,25.88,25.06,0.27,0.31,0.36,0.4,0.55,0.53,0.5,0.49
422158,0.65,0.68,0.7,0.72,25.87,25.35,24.68,24.03,0.33,0.34,0.37,0.4,0.53,0.54,0.54,0.5
422161,0.61,0.66,0.7,0.71,24.69,23.74,22.48,22.29,0.33,0.35,0.41,0.43,0.44,0.37,0.35,0.33
422171,0.53,0.61,0.62,0.6,26.9,25.38,25.05,25.47,0.25,0.31,0.33,0.33,0.53,0.51,0.5,0.48
422201,0.55,0.55,0.59,0.61,23.35,23.25,22.54,22.11,0.28,0.29,0.33,0.36,0.57,0.57,0.55,0.53
422203,0.6,0.64,0.68,0.69,23.94,22.99,21.84,21.44,0.34,0.39,0.44,0.46,0.56,0.53,0.48,0.45
422204,0.6,0.63,0.64,0.63,23.82,22.93,22.67,22.83,0.34,0.36,0.38,0.4,0.47,0.41,0.39,0.4
422205,0.53,0.59,0.6,0.61,25.22,24.18,23.9,23.51,0.24,0.29,0.32,0.33,0.51,0.52,0.52,0.5
422206,0.66,0.67,0.67,0.69,24.59,23.95,23.85,23.29,0.32,0.36,0.38,0.4,0.39,0.38,0.37,0.35
422207,0.62,0.67,0.68,0.69,25.22,23.89,23.58,23.37,0.33,0.38,0.4,0.41,0.5,0.44,0.45,0.42
422208,0.65,0.71,0.7,0.72,24.29,22.54,22.55,22.06,0.35,0.42,0.44,0.45,0.54,0.46,0.44,0.42
422209,0.65,0.66,0.69,0.7,22.34,22.12,21.14,20.86,0.34,0.35,0.42,0.45,0.51,0.49,0.46,0.47
437112,0.7,0.7,0.75,0.78,25.94,25.56,23.55,22.32,0.35,0.38,0.45,0.5,0.42,0.48,0.42,0.42
437113,0.73,0.77,0.77,0.78,26.57,24.95,24.99,24.47,0.4,0.44,0.45,0.47,0.55,0.47,0.5,0.46
437114,0.76,0.79,0.81,0.82,24.44,22.68,22.26,21.16,0.45,0.49,0.53,0.57,0.51,0.42,0.48,0.44
437115,0.73,0.75,0.78,0.78,27.35,25.38,24.14,24.08,0.44,0.45,0.47,0.48,0.79,0.67,0.62,0.62
437116,0.72,0.75,0.78,0.79,31.38,29.99,28.33,27.81,0.36,0.38,0.42,0.43,0.35,0.33,0.33,0.32
437117,0.74,0.79,0.82,0.83,28.34,26.75,24.24,23.52,0.4,0.44,0.51,0.54,0.38,0.36,0.38,0.37
437118,0.39,0.68,0.78,0.8,34.8,29.1,25.45,24.21,0.15,0.32,0.44,0.46,0.49,0.51,0.48,0.41
437119,0.44,0.63,0.72,0.73,36.88,33.68,31.5,30.96,0.19,0.28,0.36,0.38,0.32,0.31,0.3,0.3
437120,0.74,0.8,0.8,0.8,25.45,22.9,22.98,22.72,0.4,0.48,0.48,0.53,0.45,0.41,0.41,0.47
437121,0.6,0.64,0.65,0.67,25.5,22.95,22.69,22.2,0.38,0.37,0.39,0.4,0.59,0.43,0.42,0.37
437122,0.62,0.7,0.67,0.65,24.24,21.3,21.61,21.93,0.27,0.4,0.37,0.36,0.38,0.38,0.4,0.43
437123,0.47,0.5,0.54,0.6,29.15,28.86,28.54,27.39,0.19,0.21,0.25,0.29,1.14,1.12,1.19,1.16
437124,0.57,0.63,0.62,0.67,30.86,29.54,29.65,28.86,0.23,0.27,0.27,0.3,0.82,0.79,0.79,0.82
437125,0.51,0.64,0.61,0.71,28.1,26.7,26.81,24.6,0.19,0.27,0.26,0.32,0.48,0.4,0.4,0.39
437131,0.58,0.63,0.63,0.67,24.6,23.67,23.64,22.55,0.31,0.36,0.34,0.38,0.6,0.59,0.58,0.52
437132,0.59,0.64,0.64,0.66,26.43,24.75,24.73,24.19,0.28,0.36,0.36,0.39,0.41,0.43,0.43,0.41
437133,0.56,0.61,0.67,0.69,26.36,25.78,24.07,23.49,0.26,0.29,0.35,0.38,0.38,0.35,0.34,0.33
437141,0.57,0.66,0.69,0.76,25.42,23.56,22.73,20.85,0.31,0.35,0.4,0.44,0.5,0.44,0.49,0.4
437151,0.58,0.59,0.63,0.65,24.04,23.49,22.61,22.08,0.32,0.31,0.34,0.38,0.49,0.44,0.4,0.4
437152,0.65,0.66,0.67,0.7,26.89,26.5,26.01,25.17,0.31,0.33,0.35,0.39,0.39,0.39,0.38,0.36
437153,0.61,0.64,0.65,0.69,23.63,22.85,22.55,21.32,0.35,0.37,0.39,0.45,0.44,0.41,0.4,0.36
437154,0.64,0.66,0.67,0.71,24.03,23.21,22.79,21.7,0.38,0.38,0.4,0.44,0.52,0.47,0.45,0.41
437156,0.62,0.66,0.67,0.69,26.24,25.27,25.11,24.25,0.27,0.31,0.32,0.37,0.38,0.35,0.34,0.33
437161,0.67,0.65,0.66,0.68,24.21,25.82,25.42,24.51,0.39,0.35,0.37,0.41,inf,inf,inf,inf
437162,0.69,0.68,0.69,0.66,24.28,24.75,24.55,24.71,0.36,0.33,0.34,0.37,0.41,0.34,0.33,0.33
437171,0.59,0.64,0.67,0.69,28.75,27.23,26.52,25.48,0.25,0.3,0.33,0.37,0.44,0.44,0.43,0.43
437172,0.6,0.65,0.7,0.72,25.94,24.56,23.41,22.54,0.28,0.34,0.39,0.43,0.5,0.47,0.4,0.39
437181,0.55,0.6,0.65,0.68,26.91,25.7,24.56,23.83,0.28,0.34,0.38,0.4,0.56,0.5,0.49,0.51
437191,0.52,0.57,0.67,0.7,27.9,26.99,24.68,23.83,0.21,0.24,0.33,0.38,0.47,0.48,0.41,0.37
437201,0.57,0.69,0.7,0.63,24.43,21.13,20.94,23.2,0.35,0.39,0.43,0.33,1.23,0.98,1.02,1.14
437203,0.58,0.62,0.67,0.57,26.72,25.82,24.39,25.37,0.2,0.23,0.28,0.28,inf,inf,inf,inf
437211,0.6,0.63,0.66,0.68,25.16,24.66,24.06,23.35,0.29,0.3,0.32,0.35,0.62,0.57,0.56,0.55
437221,0.64,0.64,0.68,0.67,21.01,20.86,20.2,20.29,0.36,0.37,0.4,0.41,0.39,0.35,0.31,0.32
437402,0.56,0.64,0.69,0.7,28.49,26.65,25.23,24.85,0.24,0.31,0.35,0.36,0.7,0.66,0.57,0.55
437412,0.57,0.66,0.71,0.72,24.87,22.41,21.15,21.21,0.37,0.42,0.47,0.48,0.75,0.63,0.6,0.61
437421,0.33,0.38,0.47,0.62,37.43,36.74,35.38,32.53,0.07,0.11,0.14,0.23,0.71,0.75,0.66,0.53
437431,0.42,0.47,0.52,0.48,23.91,23.28,22.41,23.11,0.18,0.23,0.25,0.28,inf,inf,inf,inf
437432,0.47,0.49,0.54,0.53,27.48,28.6,26.17,23.55,0.41,0.43,0.43,0.41,1.6,1.71,1.57,1.37
437542,0.09,0.04,0.11,-0.03,50.99,53.8,51.17,50.97,0.03,0.02,0.03,-0.0,0.92,1.18,0.91,0.8
437551,0.38,0.52,0.59,0.61,22.8,20.83,20.06,19.52,0.19,0.22,0.35,0.38,0.5,0.41,0.47,0.42
437561,0.64,0.67,0.69,0.73,29.55,28.52,28.0,25.97,0.26,0.3,0.31,0.41,0.76,0.53,0.56,0.61
437571,0.52,0.54,0.61,0.64,24.53,24.3,23.18,21.74,0.28,0.3,0.33,0.38,0.82,0.83,0.81,0.66
437581,0.6,0.65,0.66,0.72,25.07,23.62,23.43,21.87,0.27,0.36,0.37,0.43,0.48,0.45,0.48,0.41
437591,0.4,0.44,0.52,0.59,25.4,25.81,24.15,22.79,0.14,0.2,0.25,0.32,0.92,1.1,0.93,0.83
525111,0.56,0.59,0.64,0.62,26.84,26.5,25.14,25.53,0.25,0.26,0.32,0.31,0.55,0.53,0.5,0.48
525112,0.59,0.59,0.62,0.64,26.22,26.18,25.24,25.0,0.29,0.31,0.35,0.35,0.39,0.39,0.38,0.36
525121,0.53,0.58,0.61,0.61,21.94,21.47,20.68,20.69,0.32,0.38,0.39,0.4,0.5,0.51,0.47,0.47
525141,0.57,0.61,0.65,0.67,25.46,24.37,23.45,23.03,0.27,0.34,0.36,0.39,0.53,0.51,0.43,0.42
525142,0.56,0.64,0.65,0.69,26.36,24.24,24.03,22.9,0.23,0.33,0.33,0.4,0.44,0.43,0.43,0.43
525143,0.58,0.61,0.62,0.65,21.94,20.86,20.84,20.29,0.35,0.37,0.4,0.46,0.6,0.5,0.52,0.52
525144,0.59,0.61,0.61,0.62,24.83,24.31,24.37,23.95,0.32,0.34,0.32,0.34,0.5,0.46,0.43,0.41
525161,0.57,0.59,0.63,0.63,28.69,27.44,26.54,26.55,0.22,0.27,0.31,0.31,0.49,0.5,0.47,0.44
525162,0.6,0.63,0.64,0.66,23.54,22.8,22.55,22.02,0.28,0.34,0.35,0.39,0.67,0.69,0.65,0.64
525171,0.54,0.58,0.63,0.65,24.03,23.46,22.29,22.0,0.27,0.31,0.36,0.41,1.04,1.09,1.05,1.02
525172,0.54,0.55,0.59,0.61,26.85,26.66,25.7,25.44,0.28,0.31,0.32,0.34,0.71,0.72,0.63,0.6
533112,0.66,0.67,0.67,0.67,28.51,28.61,28.63,28.19,0.35,0.34,0.35,0.38,0.43,0.39,0.38,0.37
533113,0.64,0.67,0.72,0.73,26.37,25.49,23.85,23.59,0.39,0.37,0.43,0.45,0.5,0.41,0.38,0.35
533114,0.58,0.61,0.61,0.63,22.58,20.51,20.64,19.95,0.43,0.42,0.44,0.45,0.65,0.56,0.56,0.52
533115,0.5,0.61,0.63,0.67,33.14,30.38,29.23,28.02,0.19,0.27,0.31,0.37,0.39,0.38,0.4,0.38
534111,0.63,0.67,0.69,0.7,26.01,24.97,24.87,24.59,0.4,0.44,0.49,0.52,0.44,0.44,0.45,0.44
534112,0.67,0.71,0.72,0.72,29.42,27.94,27.0,26.74,0.31,0.36,0.42,0.47,0.43,0.44,0.46,0.45
534115,0.68,0.69,0.7,0.72,31.8,30.84,29.33,28.9,0.31,0.34,0.39,0.41,0.41,0.4,0.42,0.4
534116,0.63,0.66,0.68,0.68,29.38,28.21,26.97,26.74,0.3,0.36,0.4,0.43,0.33,0.32,0.34,0.33
534342,0.6,0.6,0.65,0.69,28.74,27.87,25.76,24.71,0.26,0.28,0.35,0.4,0.38,0.39,0.4,0.37
534343,0.52,0.59,0.67,0.7,29.86,27.96,25.96,25.19,0.29,0.32,0.38,0.42,0.47,0.5,0.43,0.39
534411,0.47,0.49,0.5,0.56,28.62,28.18,28.01,26.94,0.26,0.26,0.27,0.3,0.62,0.62,0.62,0.63
534421,0.53,0.63,0.64,0.64,30.15,27.51,27.03,26.9,0.21,0.29,0.32,0.34,0.34,0.38,0.34,0.4
534422,0.59,0.59,0.61,0.67,30.78,30.75,30.26,28.81,0.29,0.29,0.31,0.33,0.4,0.41,0.38,0.4
534423,0.59,0.63,0.69,0.7,25.92,24.67,23.37,23.62,0.35,0.36,0.42,0.46,0.55,0.48,0.51,0.54
534424,0.55,0.61,0.63,0.64,31.63,30.23,29.9,29.91,0.24,0.27,0.3,0.34,0.72,0.63,0.73,0.8
534433,0.35,0.48,0.5,0.54,43.26,41.31,41.74,41.37,0.16,0.21,0.21,0.23,0.54,0.44,0.41,0.38
534434,0.46,0.56,0.58,0.6,38.98,32.8,31.95,31.13,0.29,0.33,0.36,0.34,0.8,0.54,0.5,0.43
534441,0.64,0.67,0.71,0.72,26.69,25.57,23.98,23.77,0.35,0.36,0.44,0.46,0.49,0.43,0.37,0.34
534442,0.62,0.68,0.7,0.7,31.3,29.64,29.87,29.04,0.31,0.37,0.38,0.42,0.34,0.31,0.29,0.29
534443,0.58,0.6,0.64,0.67,32.1,29.27,27.58,26.55,0.22,0.29,0.36,0.42,0.35,0.37,0.4,0.38
534444,0.63,0.65,0.67,0.7,27.98,27.54,27.01,25.86,0.32,0.34,0.36,0.41,0.43,0.39,0.37,0.34
534445,0.53,0.61,0.65,0.66,35.09,31.95,30.48,30.19,0.27,0.29,0.33,0.34,0.62,0.46,0.41,0.4
534451,0.61,0.66,0.68,0.69,26.32,25.46,24.11,23.81,0.4,0.43,0.47,0.47,0.46,0.44,0.43,0.44
534452,0.69,0.73,0.75,0.76,24.3,23.49,22.13,21.7,0.43,0.46,0.52,0.52,0.76,0.75,0.66,0.64
534453,0.65,0.69,0.73,0.74,28.51,26.91,24.84,24.36,0.31,0.34,0.41,0.43,1.0,0.91,0.76,0.74
534462,0.62,0.66,0.7,0.68,29.84,28.11,26.8,27.06,0.31,0.35,0.38,0.36,0.38,0.37,0.35,0.37
534463,0.55,0.6,0.64,0.7,35.01,33.18,31.77,30.19,0.23,0.25,0.3,0.33,0.42,0.46,0.45,0.45
534465,0.66,0.71,0.7,0.76,27.87,25.98,25.94,23.81,0.33,0.4,0.39,0.45,0.79,0.71,0.67,0.61
534471,0.62,0.66,0.7,0.72,25.88,25.9,24.15,23.55,0.41,0.46,0.5,0.54,0.68,0.71,0.66,0.64
534472,0.61,0.67,0.72,0.71,30.35,29.07,26.5,26.1,0.3,0.33,0.4,0.42,0.42,0.4,0.4,0.45
534481,0.46,0.48,0.5,0.55,30.99,30.58,30.03,29.17,0.2,0.2,0.24,0.26,0.53,0.54,0.55,0.52
534482,0.61,0.64,0.64,0.66,24.01,23.42,23.45,22.99,0.34,0.34,0.36,0.38,0.61,0.6,0.61,0.59
534491,0.6,0.63,0.64,0.67,26.68,25.73,25.68,25.02,0.29,0.31,0.3,0.32,0.4,0.42,0.4,0.4
534492,0.59,0.66,0.69,0.71,26.23,24.66,23.95,23.39,0.36,0.42,0.42,0.44,0.6,0.6,0.58,0.57
534501,0.51,0.56,0.56,0.64,27.5,24.85,24.57,23.26,0.17,0.25,0.26,0.32,0.41,0.42,0.44,0.39
534502,0.61,0.64,0.65,0.65,24.3,23.56,23.29,23.12,0.41,0.43,0.45,0.45,0.41,0.41,0.4,0.4
534503,0.65,0.68,0.71,0.73,27.79,26.75,25.02,24.58,0.28,0.33,0.42,0.43,0.67,0.62,0.59,0.51
534510,0.57,0.62,0.62,0.66,27.64,26.19,26.23,24.67,0.24,0.29,0.29,0.35,0.4,0.41,0.4,0.41
541111,0.64,0.64,0.66,0.68,24.13,22.81,22.25,21.8,0.42,0.41,0.43,0.43,0.59,0.46,0.42,0.42
541112,0.66,0.66,0.66,0.67,23.78,23.12,22.99,22.93,0.34,0.37,0.42,0.45,0.41,0.45,0.5,0.52
541113,0.62,0.63,0.68,0.68,22.84,23.58,22.41,22.34,0.36,0.42,0.47,0.49,0.7,0.8,0.76,0.74
541114,0.63,0.69,0.68,0.69,27.14,25.81,26.0,25.26,0.3,0.35,0.36,0.41,0.49,0.44,0.4,0.39
632121,0.49,0.53,0.54,0.53,23.55,22.79,22.27,23.42,0.26,0.31,0.31,0.35,0.62,0.57,0.5,0.59
632122,0.47,0.49,0.52,0.56,24.99,24.57,24.1,23.65,0.2,0.25,0.28,0.33,0.46,0.46,0.43,0.49
632124,0.59,0.62,0.65,0.65,19.71,19.21,18.65,18.94,0.4,0.41,0.45,0.47,0.44,0.45,0.44,0.45
632126,0.47,0.59,0.63,0.68,25.65,23.24,22.32,21.16,0.16,0.26,0.32,0.37,0.47,0.46,0.41,0.41
632132,0.5,0.57,0.58,0.59,26.75,27.38,27.61,27.24,0.23,0.18,0.17,0.18,0.56,0.44,0.42,0.42
632151,0.49,0.5,0.6,0.64,35.29,34.87,33.22,32.03,0.18,0.2,0.23,0.27,0.67,0.68,0.65,0.6
632161,0.55,0.57,0.59,0.62,22.26,22.09,21.95,21.21,0.3,0.32,0.35,0.39,0.77,0.79,0.82,0.77
632171,0.55,0.59,0.62,0.62,20.41,20.19,19.68,20.11,0.26,0.41,0.45,0.44,0.6,0.56,0.58,0.61
632372,0.58,0.61,0.61,0.62,28.08,27.43,27.66,27.31,0.24,0.26,0.25,0.26,0.52,0.51,0.51,0.51
632432,0.5,0.65,0.66,0.7,21.61,19.75,19.2,18.53,0.23,0.38,0.41,0.47,0.75,0.75,0.68,0.67
632441,0.61,0.63,0.66,0.64,26.69,26.22,25.5,25.72,0.3,0.32,0.35,0.34,0.66,0.58,0.56,0.62
632451,0.52,0.57,0.63,0.64,24.9,24.2,22.94,22.66,0.23,0.24,0.33,0.34,0.99,0.92,0.93,0.92
632461,0.49,0.71,0.72,0.72,35.38,29.67,29.33,29.26,0.19,0.34,0.35,0.36,0.71,0.81,0.76,0.78
632472,0.53,0.57,0.61,0.63,29.4,28.73,27.46,26.51,0.21,0.23,0.27,0.29,0.41,0.4,0.39,0.4
632481,0.42,0.48,0.52,0.55,27.05,26.08,24.98,24.39,0.13,0.18,0.24,0.27,0.54,0.49,0.54,0.56
632491,0.37,0.46,0.5,0.54,36.21,33.3,29.12,27.5,0.34,0.41,0.41,0.44,1.13,1.04,0.85,0.79
632501,0.48,0.6,0.61,0.66,26.67,24.43,24.22,22.59,0.26,0.29,0.28,0.33,1.03,0.61,0.6,0.65
632511,0.46,0.49,0.5,0.51,27.83,27.59,27.63,27.86,0.22,0.25,0.27,0.3,1.51,1.53,1.5,1.51
632521,0.53,0.57,0.58,0.59,25.72,25.0,24.67,24.38,0.28,0.29,0.33,0.33,0.57,0.56,0.65,0.65
633122,0.57,0.59,0.64,0.67,28.19,28.16,27.17,26.4,0.28,0.29,0.34,0.37,0.47,0.4,0.36,0.34
633123,0.63,0.65,0.66,0.67,23.78,23.41,23.37,23.18,0.37,0.38,0.4,0.41,0.41,0.35,0.34,0.33
633124,0.57,0.63,0.66,0.68,25.36,23.94,22.73,21.86,0.34,0.42,0.45,0.46,0.6,0.56,0.48,0.44
633125,0.49,0.52,0.66,0.68,28.85,28.1,22.03,21.28,0.33,0.34,0.46,0.5,0.95,0.92,0.6,0.55
633131,0.61,0.64,0.67,0.69,28.36,27.75,26.67,26.26,0.35,0.44,0.41,0.41,0.41,0.44,0.35,0.33
633132,0.6,0.62,0.67,0.71,29.68,29.15,27.64,26.54,0.28,0.34,0.35,0.38,0.51,0.54,0.43,0.4
633133,0.33,0.53,0.54,0.65,42.31,28.4,28.01,23.78,0.29,0.37,0.37,0.42,1.24,0.7,0.69,0.55
633211,0.58,0.6,0.6,0.63,29.49,28.87,28.75,27.98,0.29,0.33,0.32,0.35,0.53,0.53,0.48,0.45
633213,0.59,0.61,0.63,0.63,26.21,24.98,24.59,24.48,0.37,0.35,0.42,0.43,0.59,0.5,0.5,0.47
633214,0.64,0.66,0.7,0.69,28.89,27.45,26.02,26.59,0.29,0.34,0.4,0.38,0.37,0.38,0.35,0.33
633215,0.55,0.58,0.6,0.61,28.15,26.86,26.28,25.8,0.32,0.34,0.34,0.33,inf,inf,inf,inf
633311,0.37,0.39,0.52,0.56,47.64,48.62,45.08,44.06,0.11,0.1,0.19,0.22,0.53,0.49,0.44,0.42
633312,0.56,0.56,0.58,0.6,24.0,24.35,24.35,23.28,0.4,0.38,0.43,0.43,0.66,0.69,0.7,0.65
633313,0.55,0.54,0.55,0.59,30.82,30.38,29.93,29.33,0.21,0.22,0.24,0.26,0.47,0.52,0.53,0.5
633362,0.48,0.51,0.54,0.55,21.12,20.88,20.52,20.19,0.27,0.31,0.35,0.36,0.48,0.52,0.51,0.49
633363,0.44,0.67,0.66,0.69,31.19,26.8,26.49,25.78,0.15,0.3,0.33,0.35,0.56,0.5,0.53,0.53
633411,0.62,0.66,0.68,0.7,28.43,27.35,26.79,25.9,0.32,0.37,0.39,0.44,0.46,0.43,0.37,0.37
633412,0.63,0.67,0.68,0.69,28.49,27.54,27.49,26.7,0.35,0.38,0.38,0.41,0.45,0.41,0.36,0.37
633462,0.64,0.67,0.7,0.7,25.24,24.59,23.53,23.36,0.37,0.41,0.44,0.45,0.52,0.53,0.47,0.42
633463,0.6,0.65,0.65,0.68,26.43,25.55,25.57,24.3,0.34,0.35,0.37,0.42,0.44,0.41,0.39,0.4
633471,0.61,0.62,0.67,0.69,23.72,23.55,22.23,21.77,0.31,0.31,0.4,0.42,0.54,0.51,0.56,0.57
633472,0.59,0.6,0.61,0.66,25.93,25.66,25.59,24.18,0.3,0.31,0.32,0.35,0.66,0.66,0.67,0.55
633481,0.64,0.64,0.66,0.69,28.05,26.87,26.59,25.27,0.28,0.33,0.33,0.4,0.37,0.4,0.38,0.38
633482,0.64,0.66,0.67,0.69,22.34,21.87,21.37,20.82,0.43,0.47,0.49,0.52,0.59,0.6,0.55,0.52
633491,0.43,0.51,0.53,0.54,24.55,21.3,21.29,21.03,0.31,0.33,0.35,0.37,0.84,0.69,0.7,0.68
634111,0.62,0.63,0.63,0.63,23.52,23.4,22.89,23.07,0.31,0.31,0.35,0.34,inf,inf,inf,inf
735111,0.65,0.67,0.69,0.71,22.95,22.17,21.45,20.9,0.34,0.4,0.43,0.45,0.37,0.41,0.39,0.35
735114,0.69,0.71,0.72,0.73,23.48,22.39,22.21,21.41,0.36,0.41,0.43,0.47,0.33,0.32,0.31,0.31
735115,0.62,0.64,0.67,0.69,23.69,22.85,22.29,21.65,0.33,0.35,0.38,0.42,0.47,0.39,0.35,0.33
735117,0.68,0.7,0.7,0.73,21.32,20.48,20.14,19.28,0.44,0.47,0.47,0.53,0.47,0.43,0.4,0.37
735121,0.54,0.65,0.71,0.73,35.22,31.81,30.46,29.93,0.26,0.36,0.37,0.39,0.47,0.48,0.41,0.37
735122,0.6,0.67,0.67,0.69,35.95,34.19,34.53,34.56,0.29,0.34,0.32,0.33,0.39,0.35,0.35,0.32
735123,0.65,0.68,0.69,0.7,28.58,27.29,27.19,27.09,0.36,0.43,0.45,0.41,0.4,0.42,0.43,0.36
735124,0.65,0.7,0.71,0.72,27.72,26.11,25.7,25.2,0.35,0.44,0.46,0.43,0.48,0.48,0.48,0.4
735125,0.02,0.01,0.02,0.02,52.06,57.0,58.08,56.29,0.0,0.0,0.01,0.0,1.45,1.65,1.67,1.6
735127,0.66,0.66,0.68,0.71,30.94,30.98,29.38,28.44,0.4,0.39,0.42,0.41,0.61,0.61,0.51,0.42
735131,0.66,0.71,0.74,0.74,24.98,23.64,22.39,22.45,0.37,0.42,0.51,0.5,0.43,0.41,0.38,0.35
735133,0.67,0.72,0.76,0.76,22.88,21.41,20.35,20.3,0.45,0.48,0.52,0.51,0.36,0.33,0.3,0.29
735134,0.65,0.66,0.69,0.73,28.45,27.79,26.84,25.39,0.3,0.33,0.36,0.41,0.55,0.5,0.47,0.44
735135,0.7,0.72,0.74,0.74,24.69,24.22,23.42,23.27,0.42,0.44,0.46,0.47,0.44,0.37,0.37,0.36
735136,0.64,0.68,0.71,0.73,26.04,24.67,24.1,23.24,0.33,0.39,0.42,0.46,0.42,0.38,0.33,0.32
735137,0.66,0.69,0.71,0.73,23.68,23.19,22.4,21.68,0.36,0.37,0.41,0.45,0.52,0.46,0.45,0.43
735138,0.64,0.65,0.69,0.7,26.96,25.7,24.22,24.05,0.33,0.36,0.42,0.41,0.39,0.41,0.41,0.4
735141,0.57,0.58,0.62,0.65,27.59,27.14,26.17,25.51,0.26,0.28,0.34,0.36,0.42,0.42,0.38,0.36
735142,0.59,0.62,0.63,0.63,24.23,23.5,23.36,23.1,0.27,0.34,0.38,0.38,0.42,0.45,0.46,0.44
735143,0.57,0.64,0.64,0.65,23.35,21.71,22.12,21.67,0.33,0.39,0.42,0.44,0.49,0.43,0.46,0.42
735151,0.36,0.49,0.57,0.6,27.08,24.96,23.67,23.03,0.13,0.22,0.31,0.33,0.45,0.47,0.56,0.51
735152,0.33,0.46,0.58,0.62,26.78,25.38,23.38,22.42,0.14,0.15,0.25,0.3,0.86,0.65,0.6,0.6
735161,0.41,0.43,0.56,0.58,31.2,30.88,28.67,28.13,0.16,0.19,0.28,0.29,0.55,0.55,0.57,0.54
735162,0.31,0.33,0.49,0.46,37.81,37.61,35.2,35.51,0.09,0.1,0.2,0.18,0.53,0.62,0.63,0.59
735171,0.57,0.55,0.57,0.58,30.35,31.51,31.2,30.52,0.31,0.23,0.23,0.27,0.43,0.4,0.39,0.4
735173,0.58,0.68,0.68,0.69,29.36,26.82,26.8,26.62,0.32,0.39,0.37,0.38,0.49,0.44,0.43,0.42
735181,0.52,0.59,0.62,0.64,27.94,26.39,25.65,24.71,0.22,0.27,0.3,0.35,0.36,0.34,0.34,0.34
735191,0.55,0.6,0.65,0.67,24.59,23.76,22.26,21.89,0.35,0.38,0.42,0.46,0.68,0.69,0.64,0.64
735192,0.58,0.6,0.63,0.63,23.32,22.22,21.57,21.58,0.25,0.32,0.36,0.37,0.39,0.47,0.46,0.46
735193,0.47,0.57,0.64,0.63,28.31,25.53,23.04,23.09,0.3,0.35,0.36,0.35,0.85,0.73,0.6,0.59
735201,0.54,0.61,0.64,0.68,24.27,22.66,21.88,20.82,0.21,0.3,0.34,0.4,0.52,0.61,0.57,0.54
735361,0.67,0.66,0.69,0.69,21.96,21.87,21.37,21.19,0.36,0.39,0.37,0.39,0.58,0.58,0.53,0.51
735362,0.62,0.65,0.67,0.68,24.09,23.31,22.74,22.69,0.32,0.37,0.38,0.39,0.48,0.47,0.43,0.43
735371,0.44,0.5,0.63,0.64,25.68,23.42,19.67,19.54,0.29,0.33,0.42,0.43,0.98,0.84,0.61,0.6
735381,0.53,0.58,0.64,0.66,26.77,22.98,21.86,21.35,0.32,0.32,0.33,0.35,0.78,0.53,0.46,0.43
735391,0.45,0.51,0.61,0.63,26.62,25.8,22.13,21.72,0.25,0.3,0.37,0.36,1.04,1.01,0.68,0.64
735520,0.54,0.61,0.66,0.69,30.1,29.44,28.07,26.07,0.33,0.41,0.45,0.46,0.95,0.99,0.96,0.86
735521,0.55,0.57,0.63,0.62,29.16,28.04,26.49,26.74,0.27,0.32,0.4,0.36,0.46,0.48,0.53,0.51
735522,0.6,0.61,0.65,0.67,31.1,31.05,29.6,29.0,0.34,0.36,0.36,0.38,0.86,0.88,0.74,0.7
735601,0.57,0.62,0.68,0.69,27.83,26.64,24.29,24.05,0.21,0.26,0.35,0.36,0.46,0.45,0.49,0.48
823611,0.65,0.69,0.69,0.7,27.41,26.72,26.49,26.27,0.33,0.36,0.36,0.37,0.42,0.38,0.39,0.37
823613,0.23,0.23,0.23,0.22,33.27,33.24,33.14,33.49,0.11,0.11,0.11,0.11,0.53,0.53,0.52,0.57
823621,0.62,0.67,0.69,0.71,26.82,25.23,24.65,24.16,0.36,0.39,0.4,0.41,0.45,0.38,0.39,0.37
823631,0.57,0.63,0.65,0.67,21.82,19.38,18.5,17.85,0.39,0.41,0.42,0.45,0.6,0.47,0.42,0.39
823632,0.63,0.63,0.67,0.68,25.58,25.7,24.62,24.17,0.34,0.38,0.39,0.4,0.53,0.54,0.5,0.46
823637,0.44,0.56,0.57,0.62,31.89,29.45,29.11,27.82,0.17,0.25,0.27,0.31,0.39,0.37,0.37,0.37
823641,0.57,0.57,0.63,0.65,24.74,24.35,22.86,22.26,0.26,0.3,0.36,0.4,0.37,0.37,0.38,0.37
823651,0.6,0.67,0.69,0.72,24.63,22.77,22.27,21.28,0.38,0.4,0.42,0.47,0.49,0.43,0.39,0.39
823652,0.54,0.61,0.65,0.68,28.0,26.49,25.52,24.6,0.25,0.31,0.35,0.38,0.46,0.44,0.42,0.38
823662,0.57,0.61,0.66,0.67,27.22,26.07,24.69,24.26,0.24,0.29,0.35,0.37,0.4,0.39,0.42,0.4
823671,0.58,0.64,0.65,0.67,25.41,24.13,23.71,23.13,0.3,0.34,0.37,0.4,0.37,0.35,0.37,0.37
823672,0.58,0.61,0.67,0.68,24.32,23.76,22.23,22.01,0.29,0.31,0.38,0.43,0.4,0.38,0.37,0.41
823681,0.5,0.57,0.59,0.63,26.57,25.16,24.65,23.89,0.28,0.32,0.34,0.38,0.49,0.43,0.42,0.42
823691,0.55,0.58,0.62,0.63,28.15,27.5,26.65,26.42,0.29,0.3,0.35,0.35,0.43,0.41,0.44,0.43
823701,0.62,0.62,0.63,0.66,23.07,23.14,22.65,22.04,0.33,0.33,0.34,0.41,0.47,0.48,0.43,0.45
823702,0.21,0.21,0.22,0.24,31.81,31.94,31.72,31.76,0.11,0.11,0.11,0.13,0.64,0.64,0.64,0.66
823704,0.65,0.68,0.69,0.69,22.83,21.99,21.47,21.64,0.35,0.39,0.44,0.44,0.5,0.47,0.44,0.46
823705,0.62,0.68,0.72,0.72,28.71,27.49,25.8,25.29,0.28,0.32,0.38,0.41,0.4,0.38,0.37,0.37
823706,0.24,0.24,0.23,0.23,30.49,30.54,30.58,30.58,0.14,0.14,0.14,0.14,0.67,0.67,0.67,0.68
823707,0.16,0.15,0.16,0.16,36.32,36.42,36.18,36.22,0.07,0.06,0.07,0.07,0.52,0.52,0.52,0.52
823801,0.62,0.67,0.67,0.71,23.01,21.73,21.6,20.71,0.4,0.43,0.42,0.46,0.41,0.36,0.34,0.32
823802,0.58,0.61,0.65,0.66,25.33,25.25,24.05,23.65,0.34,0.37,0.38,0.39,0.44,0.49,0.44,0.44
823803,0.58,0.6,0.61,0.66,24.04,24.08,23.36,22.19,0.31,0.38,0.39,0.43,0.52,0.54,0.49,0.46
831151,0.63,0.67,0.68,0.69,26.52,25.78,25.12,24.99,0.33,0.36,0.39,0.38,inf,inf,inf,inf
831152,0.58,0.63,0.65,0.64,28.32,27.56,27.25,27.27,0.3,0.32,0.34,0.35,0.5,0.45,0.42,0.41
831153,0.56,0.63,0.67,0.69,28.97,27.13,26.15,25.3,0.3,0.35,0.36,0.39,0.55,0.49,0.44,0.4
831154,0.6,0.62,0.66,0.68,29.02,28.53,27.54,27.14,0.32,0.32,0.35,0.37,inf,inf,inf,inf
831493,0.18,0.17,0.17,0.17,35.16,34.51,36.03,36.09,0.04,0.1,0.11,0.11,1.08,0.81,0.88,0.88
