idx,lat,lon,M0corr,M1corr,M2corr,M3corr,RFcorr,XGBcorr,M0rmse,M1rmse,M2rmse,M3rmse,RFrmse,XGBrmse,M0slp,M1slp,M2slp,M3slp,RFslp,XGBslp
111121,37.5643,126.9747,0.45,0.41,0.49,0.52,0.73,0.71,13.72,14.0,13.4,13.16,10.55,10.82,0.2,0.17,0.24,0.27,0.46,0.5
131111,37.2838,127.0105,0.35,0.26,0.46,0.52,0.68,0.65,13.74,14.19,13.03,12.56,10.83,11.2,0.12,0.07,0.22,0.27,0.42,0.45
221112,35.0999,129.0305,0.31,0.37,0.41,0.42,0.73,0.72,11.7,11.43,11.21,11.16,8.49,8.59,0.09,0.14,0.17,0.18,0.45,0.5
221141,35.0598,129.0799,0.37,0.52,0.58,0.59,0.74,0.75,10.17,9.36,8.89,8.8,7.48,7.29,0.14,0.28,0.35,0.36,0.47,0.54
221142,35.0908,129.0596,0.29,0.38,0.43,0.44,0.72,0.71,12.0,11.62,11.35,11.27,8.77,8.88,0.09,0.14,0.19,0.2,0.44,0.49
221152,35.156,129.0638,0.36,0.3,0.43,0.46,0.71,0.7,10.62,10.85,10.24,10.06,8.14,8.12,0.13,0.09,0.19,0.22,0.41,0.48
221172,35.1303,129.0877,0.31,0.37,0.41,0.43,0.71,0.69,10.94,10.71,10.49,10.39,8.25,8.31,0.1,0.14,0.18,0.19,0.41,0.45
221174,35.1279,129.116,0.25,0.34,0.36,0.39,0.67,0.65,10.36,10.07,9.98,9.85,8.06,8.08,0.06,0.12,0.13,0.16,0.37,0.43
221181,35.1462,128.9842,0.36,0.28,0.41,0.45,0.71,0.69,12.97,13.33,12.7,12.44,9.84,10.1,0.13,0.08,0.17,0.21,0.43,0.48
221182,35.2078,129.0062,0.3,0.27,0.33,0.38,0.7,0.7,11.66,11.77,11.55,11.3,8.82,8.79,0.09,0.07,0.11,0.15,0.4,0.47
221191,35.2755,129.0895,0.34,0.37,0.39,0.4,0.76,0.75,10.97,10.86,10.73,10.69,7.79,7.68,0.12,0.14,0.16,0.17,0.47,0.54
221192,35.1706,129.1742,0.35,0.34,0.38,0.39,0.7,0.67,10.55,10.6,10.45,10.4,8.15,8.33,0.12,0.12,0.15,0.16,0.41,0.45
221193,35.1832,129.121,0.3,0.35,0.38,0.39,0.71,0.69,11.29,11.12,10.97,10.94,8.54,8.54,0.09,0.12,0.15,0.15,0.4,0.47
221202,35.083,128.9669,0.32,0.3,0.43,0.45,0.71,0.7,11.94,12.0,11.36,11.26,8.97,9.04,0.1,0.09,0.19,0.2,0.42,0.48
221211,35.2087,128.9731,0.3,0.28,0.36,0.4,0.72,0.71,12.48,12.59,12.22,11.99,9.28,9.27,0.09,0.08,0.13,0.17,0.42,0.49
221212,35.0864,128.8631,0.33,0.3,0.42,0.45,0.71,0.67,11.95,12.04,11.47,11.29,9.03,9.34,0.11,0.1,0.18,0.21,0.43,0.47
221213,35.1066,128.9265,0.31,0.29,0.43,0.47,0.73,0.71,12.46,12.54,11.82,11.56,9.13,9.28,0.1,0.08,0.19,0.22,0.45,0.5
221221,35.1811,129.0746,0.31,0.38,0.42,0.43,0.72,0.69,10.61,10.35,10.16,10.07,7.91,8.1,0.1,0.15,0.18,0.19,0.43,0.47
221231,35.2387,129.2158,0.33,0.4,0.43,0.43,0.71,0.69,10.29,10.0,9.88,9.87,7.78,7.87,0.11,0.16,0.18,0.19,0.43,0.47
221233,35.3256,129.1802,0.33,0.35,0.39,0.39,0.72,0.71,10.97,10.87,10.71,10.71,8.15,8.19,0.11,0.12,0.15,0.15,0.43,0.49
221241,35.1294,129.0454,0.33,0.39,0.41,0.42,0.76,0.74,11.19,10.93,10.79,10.74,7.93,8.01,0.11,0.15,0.17,0.18,0.46,0.52
221251,35.2298,129.0927,0.35,0.25,0.32,0.32,0.67,0.65,9.52,9.84,9.62,9.62,7.62,7.7,0.12,0.07,0.11,0.11,0.37,0.42
221253,35.2295,129.1208,0.28,0.27,0.31,0.32,0.7,0.67,11.49,11.56,11.42,11.39,8.75,8.95,0.08,0.08,0.1,0.11,0.39,0.42
221281,35.1174,129.0157,0.33,0.35,0.41,0.43,0.7,0.69,11.26,11.16,10.91,10.79,8.68,8.65,0.11,0.13,0.17,0.19,0.4,0.45
221282,35.1744,128.9851,0.28,0.34,0.4,0.44,0.72,0.71,13.18,12.93,12.57,12.35,9.68,9.74,0.08,0.12,0.17,0.2,0.43,0.48
221283,35.1552,129.023,0.33,0.3,0.43,0.48,0.73,0.71,13.14,13.29,12.56,12.25,9.69,9.79,0.11,0.09,0.19,0.23,0.44,0.5
221284,35.1052,128.9737,0.32,0.33,0.43,0.45,0.73,0.71,12.52,12.5,11.95,11.8,9.17,9.3,0.1,0.11,0.18,0.21,0.45,0.5
238111,35.2181,128.5739,0.17,0.32,0.37,0.42,0.66,0.65,10.57,10.15,9.98,9.72,8.14,8.17,0.03,0.11,0.14,0.19,0.38,0.42
238112,35.2176,128.6025,0.25,0.31,0.4,0.46,0.72,0.7,11.74,11.54,11.13,10.79,8.55,8.61,0.06,0.1,0.16,0.21,0.44,0.49
238113,35.2259,128.5033,0.35,0.26,0.42,0.48,0.68,0.66,10.46,10.78,10.12,9.83,8.23,8.43,0.12,0.07,0.18,0.23,0.41,0.45
238120,35.5028,129.4184,0.21,0.3,0.32,0.36,0.69,0.68,11.13,10.84,10.78,10.63,8.34,8.36,0.04,0.09,0.1,0.14,0.39,0.44
238121,35.5563,129.3205,0.35,0.37,0.39,0.39,0.71,0.69,12.01,11.9,11.82,11.82,9.27,9.32,0.12,0.14,0.16,0.16,0.4,0.45
238122,35.4973,129.339,0.29,0.34,0.37,0.39,0.7,0.69,13.11,12.87,12.77,12.61,9.86,9.95,0.09,0.12,0.14,0.16,0.42,0.47
238123,35.5156,129.3671,0.23,0.29,0.34,0.36,0.7,0.7,12.47,12.28,12.05,11.94,9.34,9.16,0.05,0.09,0.12,0.14,0.4,0.47
238124,35.529,129.3262,0.26,0.38,0.41,0.41,0.72,0.72,11.51,11.04,10.9,10.87,8.4,8.3,0.07,0.14,0.17,0.17,0.43,0.49
238125,35.5444,129.3318,0.28,0.34,0.37,0.38,0.69,0.66,11.96,11.75,11.6,11.55,9.22,9.36,0.08,0.12,0.14,0.15,0.38,0.42
238127,35.5347,129.3081,0.24,0.36,0.38,0.39,0.7,0.68,11.84,11.36,11.28,11.23,8.86,8.93,0.06,0.13,0.15,0.16,0.4,0.47
238128,35.4363,129.3079,0.21,0.38,0.39,0.41,0.69,0.66,11.62,10.98,10.93,10.82,8.71,8.95,0.04,0.15,0.16,0.17,0.4,0.44
238129,35.5593,129.2608,0.31,0.4,0.42,0.42,0.73,0.71,11.61,11.18,11.11,11.06,8.55,8.63,0.1,0.17,0.18,0.19,0.43,0.48
238130,35.5595,129.3711,0.26,0.33,0.36,0.38,0.72,0.71,12.96,12.66,12.54,12.4,9.42,9.42,0.07,0.11,0.13,0.15,0.44,0.49
238131,35.1959,128.0745,0.35,0.32,0.4,0.44,0.65,0.64,10.76,10.87,10.54,10.32,8.8,8.84,0.12,0.1,0.16,0.2,0.36,0.42
238132,35.1921,128.0837,0.27,0.35,0.38,0.41,0.67,0.65,8.81,8.57,8.46,8.34,6.84,6.98,0.07,0.13,0.15,0.18,0.39,0.43
238133,35.1809,128.1225,0.32,0.32,0.37,0.4,0.69,0.67,10.08,10.11,9.9,9.76,7.84,7.87,0.1,0.1,0.14,0.17,0.4,0.46
238134,35.1248,128.0997,0.29,0.33,0.45,0.46,0.69,0.67,11.72,11.55,10.94,10.87,8.98,9.09,0.08,0.11,0.21,0.22,0.41,0.46
238141,35.2403,128.644,0.28,0.37,0.41,0.43,0.65,0.63,8.89,8.62,8.46,8.35,7.12,7.18,0.08,0.14,0.17,0.19,0.36,0.41
238142,35.2115,128.6575,0.3,0.34,0.4,0.46,0.7,0.68,8.95,8.82,8.58,8.3,6.74,6.87,0.09,0.12,0.16,0.22,0.42,0.47
238143,35.1994,128.7111,0.28,0.3,0.35,0.4,0.66,0.63,9.41,9.34,9.16,8.97,7.43,7.65,0.08,0.09,0.13,0.17,0.38,0.4
238144,35.2363,128.684,0.27,0.37,0.43,0.47,0.71,0.69,10.06,9.73,9.47,9.22,7.44,7.53,0.08,0.14,0.19,0.23,0.43,0.48
238146,35.2217,128.6983,0.28,0.36,0.41,0.47,0.71,0.69,10.39,10.1,9.89,9.55,7.69,7.78,0.08,0.13,0.17,0.22,0.44,0.49
238151,35.155,128.6895,0.23,0.34,0.35,0.39,0.65,0.63,8.33,8.06,8.0,7.88,6.59,6.68,0.05,0.11,0.13,0.16,0.35,0.39
238152,35.1831,128.5629,0.28,0.34,0.35,0.4,0.68,0.66,8.25,8.08,8.04,7.89,6.4,6.47,0.08,0.12,0.13,0.16,0.38,0.43
238161,35.0677,127.7514,0.36,0.33,0.38,0.39,0.73,0.7,8.41,8.54,8.37,8.31,6.3,6.44,0.13,0.11,0.15,0.16,0.43,0.49
238162,34.9659,127.7943,0.34,0.27,0.36,0.41,0.66,0.65,9.78,10.01,9.68,9.51,7.89,7.89,0.12,0.07,0.13,0.17,0.36,0.42
238181,35.2369,128.8834,0.28,0.26,0.38,0.44,0.71,0.7,12.32,12.39,11.87,11.5,9.19,9.14,0.08,0.07,0.15,0.2,0.43,0.5
238182,35.2443,128.9118,0.24,0.26,0.36,0.43,0.7,0.69,9.98,9.93,9.58,9.28,7.42,7.41,0.06,0.07,0.14,0.19,0.42,0.47
238183,35.2024,128.8072,0.22,0.29,0.35,0.41,0.65,0.62,9.84,9.68,9.46,9.2,7.75,7.95,0.05,0.08,0.13,0.17,0.35,0.39
238184,35.3078,128.7312,0.32,0.35,0.4,0.44,0.69,0.68,11.01,10.9,10.64,10.42,8.47,8.54,0.1,0.12,0.16,0.2,0.41,0.46
238201,34.8636,128.6903,0.22,0.35,0.42,0.45,0.7,0.68,9.96,9.57,9.27,9.15,7.37,7.54,0.05,0.12,0.18,0.2,0.42,0.46
238203,34.8808,128.6211,0.28,0.27,0.42,0.47,0.76,0.73,11.99,12.05,11.33,11.06,8.36,8.51,0.08,0.07,0.18,0.22,0.47,0.52
238211,35.0828,128.0912,0.22,0.35,0.42,0.44,0.67,0.66,9.78,9.4,9.11,9.01,7.48,7.57,0.05,0.12,0.18,0.2,0.39,0.44
238212,34.9338,128.0933,0.32,0.29,0.38,0.4,0.66,0.63,9.92,10.04,9.71,9.61,7.96,8.17,0.1,0.08,0.14,0.16,0.37,0.41
238361,35.3458,129.041,0.33,0.32,0.34,0.36,0.72,0.7,9.24,9.28,9.23,9.16,6.95,6.99,0.11,0.1,0.12,0.13,0.42,0.49
238362,35.4144,129.172,0.3,0.39,0.4,0.41,0.73,0.71,10.47,10.07,10.03,10.0,7.68,7.69,0.09,0.16,0.17,0.17,0.43,0.48
238363,35.3106,128.9872,0.37,0.33,0.39,0.4,0.7,0.69,11.64,11.81,11.53,11.45,8.98,9.02,0.13,0.11,0.15,0.17,0.42,0.47
238371,35.4381,129.3376,0.37,0.32,0.37,0.38,0.68,0.67,12.06,12.33,12.09,12.05,9.56,9.68,0.14,0.11,0.14,0.15,0.41,0.46
238373,35.4931,129.3059,0.25,0.36,0.37,0.38,0.68,0.66,11.26,10.86,10.8,10.74,8.63,8.7,0.06,0.13,0.14,0.15,0.39,0.43
238374,35.6203,129.358,0.24,0.27,0.29,0.31,0.68,0.66,10.73,10.65,10.56,10.49,8.19,8.34,0.06,0.07,0.09,0.1,0.38,0.42
238375,35.5583,129.1138,0.17,0.36,0.41,0.43,0.71,0.7,10.72,10.15,9.9,9.8,7.77,7.81,0.03,0.13,0.18,0.2,0.43,0.47
238376,35.5679,129.3195,0.24,0.35,0.39,0.4,0.73,0.73,11.56,11.16,10.98,10.91,8.28,8.21,0.06,0.13,0.15,0.17,0.43,0.49
238377,35.4615,129.2091,0.24,0.33,0.37,0.39,0.72,0.69,12.03,11.68,11.49,11.4,8.76,8.96,0.06,0.11,0.14,0.16,0.43,0.48
238378,35.5706,129.2219,0.34,0.36,0.39,0.4,0.71,0.68,11.72,11.63,11.47,11.43,8.96,9.08,0.11,0.13,0.16,0.16,0.4,0.45
238381,35.5088,129.4267,0.23,0.32,0.32,0.37,0.7,0.68,11.31,11.02,10.99,10.81,8.43,8.55,0.05,0.1,0.11,0.14,0.4,0.45
238401,35.4937,128.7542,0.33,0.42,0.45,0.47,0.7,0.69,9.58,9.2,9.06,8.96,7.34,7.34,0.11,0.18,0.21,0.22,0.42,0.47
238411,34.8572,128.4324,0.27,0.33,0.39,0.41,0.7,0.67,10.72,10.48,10.25,10.16,8.04,8.26,0.07,0.11,0.15,0.17,0.42,0.46
238421,34.9745,128.3243,0.3,0.37,0.42,0.44,0.7,0.68,9.89,9.62,9.41,9.3,7.45,7.61,0.09,0.14,0.18,0.2,0.42,0.45
238431,35.6814,127.9179,0.25,0.34,0.4,0.42,0.68,0.65,11.18,10.87,10.61,10.48,8.57,8.74,0.06,0.12,0.16,0.18,0.4,0.44
238441,35.2723,128.4081,0.18,0.36,0.44,0.5,0.72,0.72,10.8,10.24,9.87,9.51,7.61,7.65,0.03,0.13,0.2,0.25,0.47,0.52
238451,35.5203,127.725,0.29,0.33,0.35,0.38,0.64,0.61,9.57,9.42,9.36,9.25,7.69,7.95,0.08,0.11,0.13,0.15,0.36,0.4
238461,34.8319,127.899,0.32,0.28,0.39,0.4,0.69,0.68,9.84,9.96,9.55,9.52,7.6,7.6,0.1,0.08,0.16,0.16,0.4,0.45
238471,35.415,127.8741,0.33,0.24,0.28,0.31,0.65,0.61,8.49,8.71,8.61,8.55,6.9,7.1,0.11,0.06,0.08,0.1,0.35,0.39
238491,35.3158,128.2538,0.29,0.28,0.4,0.46,0.69,0.67,11.6,11.65,11.13,10.78,8.9,8.97,0.09,0.08,0.16,0.22,0.41,0.46
238501,35.5438,128.4905,0.33,0.25,0.33,0.41,0.66,0.64,9.52,9.76,9.53,9.2,7.6,7.78,0.11,0.06,0.11,0.17,0.38,0.42
238511,35.5675,128.1654,0.33,0.26,0.3,0.33,0.67,0.64,9.45,9.67,9.57,9.44,7.51,7.67,0.11,0.07,0.09,0.11,0.37,0.41
324115,35.1458,126.9233,0.39,0.23,0.39,0.44,0.66,0.64,11.59,12.27,11.63,11.32,9.61,9.66,0.16,0.06,0.15,0.2,0.36,0.42
324121,35.1549,126.8885,0.37,0.26,0.41,0.48,0.68,0.7,12.54,13.01,12.29,11.86,9.98,9.64,0.14,0.07,0.17,0.23,0.4,0.49
324124,35.099,126.8961,0.36,0.19,0.35,0.41,0.6,0.58,12.39,13.03,12.45,12.1,10.67,10.8,0.13,0.04,0.12,0.17,0.31,0.35
324125,35.1619,126.8442,0.46,0.27,0.47,0.5,0.67,0.65,11.54,12.49,11.46,11.21,9.72,9.83,0.21,0.07,0.22,0.26,0.39,0.45
324133,35.1739,126.9322,0.41,0.24,0.38,0.43,0.66,0.64,10.51,11.18,10.66,10.4,8.75,8.82,0.17,0.06,0.15,0.19,0.37,0.42
324136,35.2181,126.8924,0.44,0.3,0.46,0.48,0.67,0.64,9.43,10.03,9.32,9.23,7.88,8.11,0.2,0.09,0.22,0.23,0.39,0.42
324142,35.2044,126.8078,0.39,0.31,0.45,0.47,0.66,0.64,10.99,11.31,10.63,10.52,8.98,9.12,0.15,0.1,0.21,0.23,0.38,0.44
324143,35.1576,126.8101,0.41,0.25,0.43,0.48,0.67,0.67,12.49,13.29,12.35,12.03,10.25,10.23,0.17,0.07,0.2,0.24,0.39,0.46
324148,35.1238,126.7696,0.37,0.29,0.46,0.51,0.67,0.66,14.32,14.75,13.7,13.28,11.52,11.67,0.14,0.09,0.21,0.26,0.41,0.46
324155,35.1319,126.8933,0.41,0.19,0.4,0.47,0.66,0.66,12.85,13.85,12.95,12.48,10.66,10.62,0.17,0.04,0.16,0.22,0.38,0.44
335115,35.8287,127.148,0.46,0.3,0.43,0.47,0.66,0.65,10.83,11.62,10.99,10.74,9.22,9.22,0.21,0.1,0.19,0.23,0.38,0.43
336111,34.806,126.3916,0.31,0.24,0.35,0.36,0.65,0.64,7.43,7.58,7.32,7.28,6.0,6.04,0.1,0.06,0.13,0.14,0.34,0.38
336112,34.8043,126.4346,0.36,0.2,0.3,0.33,0.64,0.61,10.54,11.1,10.8,10.69,8.83,8.98,0.13,0.04,0.09,0.11,0.33,0.38
336121,34.7411,127.726,0.3,0.31,0.47,0.5,0.72,0.73,10.77,10.71,9.97,9.79,7.88,7.77,0.09,0.1,0.22,0.25,0.44,0.51
336124,34.8502,127.7246,0.32,0.21,0.43,0.45,0.66,0.66,11.14,11.5,10.63,10.47,8.89,8.8,0.1,0.05,0.19,0.21,0.38,0.44
336125,34.7546,127.7029,0.22,0.29,0.4,0.44,0.71,0.71,11.39,11.19,10.69,10.51,8.4,8.18,0.05,0.08,0.16,0.19,0.41,0.48
336127,34.7774,127.6524,0.18,0.27,0.42,0.45,0.7,0.68,10.91,10.69,10.08,9.89,8.02,8.09,0.03,0.07,0.18,0.21,0.41,0.46
336128,34.7539,127.7468,0.34,0.26,0.39,0.42,0.71,0.71,11.48,11.77,11.2,11.06,8.77,8.62,0.11,0.07,0.16,0.18,0.41,0.47
336131,34.9476,127.4891,0.23,0.33,0.35,0.37,0.68,0.64,10.23,9.91,9.85,9.78,7.86,8.06,0.05,0.11,0.13,0.14,0.37,0.42
336132,34.9471,127.5186,0.26,0.32,0.38,0.42,0.69,0.68,10.63,10.42,10.17,9.97,8.09,8.08,0.07,0.1,0.15,0.18,0.39,0.46
336133,34.8855,127.5098,0.12,0.24,0.3,0.31,0.6,0.57,8.08,7.89,7.76,7.74,6.57,6.67,0.01,0.06,0.09,0.1,0.3,0.33
336134,34.8935,127.573,0.19,0.35,0.45,0.47,0.65,0.64,11.66,11.11,10.58,10.45,9.07,9.12,0.03,0.12,0.21,0.23,0.37,0.42
336135,34.9364,127.5484,0.25,0.36,0.38,0.39,0.66,0.64,10.21,9.83,9.75,9.69,7.99,8.06,0.06,0.13,0.15,0.16,0.37,0.41
336141,35.0217,126.7904,0.39,0.22,0.4,0.44,0.6,0.57,12.57,13.33,12.53,12.26,11.0,11.23,0.15,0.05,0.16,0.2,0.31,0.35
336151,35.321,126.9882,0.25,0.3,0.36,0.38,0.64,0.63,11.69,11.49,11.24,11.14,9.38,9.4,0.06,0.09,0.13,0.15,0.34,0.4
336161,35.3032,126.7854,0.43,0.26,0.41,0.42,0.61,0.58,11.4,12.18,11.49,11.43,10.07,10.3,0.18,0.07,0.17,0.18,0.33,0.37
336221,34.6857,127.5975,0.25,0.3,0.34,0.34,0.29,0.29,10.31,10.18,10.02,10.02,10.54,10.55,0.06,0.09,0.12,0.12,0.16,0.16
336222,34.8819,127.5788,0.35,0.31,0.48,0.53,0.72,0.7,11.88,12.07,11.16,10.75,8.9,9.0,0.12,0.09,0.23,0.28,0.44,0.5
336223,34.825,127.7318,0.47,0.16,0.54,0.59,0.78,0.78,13.98,15.63,13.31,12.8,10.04,9.83,0.22,0.03,0.3,0.35,0.53,0.6
336352,34.9399,127.6977,0.28,0.33,0.38,0.42,0.67,0.65,11.8,11.59,11.34,11.14,9.22,9.28,0.08,0.11,0.15,0.18,0.38,0.42
336353,34.9419,127.7571,0.41,0.3,0.41,0.42,0.65,0.63,10.6,11.08,10.58,10.53,8.87,9.04,0.17,0.09,0.17,0.18,0.36,0.42
336355,34.9808,127.5823,0.32,0.31,0.34,0.35,0.65,0.63,8.01,8.05,7.96,7.92,6.48,6.56,0.1,0.1,0.12,0.13,0.35,0.39
336361,34.5652,126.5992,0.32,0.28,0.42,0.43,0.66,0.62,11.63,11.78,11.14,11.1,9.3,9.63,0.1,0.08,0.18,0.19,0.38,0.42
336441,34.7574,126.4527,0.46,0.24,0.49,0.51,0.72,0.71,12.45,13.63,12.25,12.05,9.84,9.87,0.21,0.06,0.24,0.27,0.47,0.51
336442,34.8075,126.7006,0.37,0.19,0.36,0.43,0.65,0.63,11.44,12.11,11.52,11.12,9.46,9.59,0.14,0.04,0.13,0.19,0.36,0.41
336452,35.0653,126.9859,0.31,0.22,0.28,0.31,0.63,0.59,8.58,8.81,8.68,8.61,7.06,7.33,0.1,0.05,0.08,0.1,0.34,0.37
336461,35.278,126.512,0.41,0.24,0.45,0.46,0.66,0.65,14.29,15.15,13.92,13.88,11.82,11.87,0.16,0.06,0.21,0.22,0.38,0.43
336471,34.675,126.9067,0.29,0.27,0.3,0.31,0.6,0.56,11.26,11.35,11.25,11.2,9.51,9.81,0.09,0.07,0.09,0.1,0.3,0.33
336481,34.4793,126.2688,0.36,0.23,0.39,0.39,0.66,0.63,7.74,8.07,7.63,7.62,6.29,6.42,0.13,0.06,0.16,0.16,0.37,0.41
336491,34.3344,126.8286,0.4,0.28,0.3,0.3,0.27,0.28,7.95,8.31,8.28,8.28,8.6,8.59,0.16,0.08,0.09,0.09,0.14,0.14
336501,35.0621,126.5228,0.37,0.29,0.37,0.39,0.63,0.62,9.47,9.75,9.49,9.38,7.95,7.99,0.14,0.09,0.14,0.16,0.34,0.39
336511,34.6063,127.2807,0.3,0.33,0.36,0.37,0.66,0.64,9.44,9.36,9.24,9.2,7.51,7.62,0.09,0.11,0.13,0.14,0.36,0.41
336521,34.7555,126.1261,0.36,0.34,0.38,0.38,0.31,0.29,10.56,10.63,10.47,10.47,11.08,11.26,0.13,0.12,0.14,0.14,0.17,0.16
336531,34.9905,126.4765,0.32,0.3,0.42,0.44,0.64,0.61,11.16,11.23,10.69,10.56,9.05,9.36,0.1,0.09,0.18,0.2,0.37,0.39
336541,34.6446,126.7707,0.27,0.32,0.34,0.35,0.58,0.55,9.71,9.54,9.48,9.45,8.25,8.43,0.07,0.11,0.12,0.13,0.3,0.32
336551,35.2833,127.2899,0.29,0.19,0.39,0.42,0.6,0.58,9.65,9.89,9.26,9.12,8.11,8.25,0.08,0.04,0.16,0.18,0.31,0.36
336561,35.2157,127.461,0.31,0.18,0.32,0.37,0.61,0.58,8.28,8.57,8.27,8.1,6.93,7.13,0.1,0.04,0.11,0.14,0.33,0.37
336571,34.8415,127.347,0.33,0.3,0.37,0.38,0.62,0.59,9.23,9.32,9.1,9.03,7.7,7.92,0.11,0.09,0.14,0.15,0.33,0.37
336572,34.7649,127.0782,0.47,0.32,0.51,0.53,0.71,0.71,10.91,11.69,10.6,10.46,8.72,8.68,0.22,0.1,0.27,0.28,0.45,0.5
339111,33.5001,126.5324,0.37,0.27,0.43,0.44,0.65,0.62,9.12,9.47,8.87,8.83,7.53,7.7,0.14,0.08,0.19,0.2,0.37,0.4
339112,33.4886,126.5001,0.43,0.2,0.42,0.43,0.65,0.63,8.79,9.55,8.83,8.77,7.41,7.58,0.19,0.04,0.18,0.2,0.37,0.41
339113,33.5379,126.6424,0.41,0.19,0.4,0.41,0.67,0.63,9.32,10.04,9.38,9.32,7.69,7.94,0.17,0.04,0.16,0.18,0.37,0.4
339114,33.4094,126.2681,0.34,0.13,0.34,0.39,0.67,0.68,9.01,9.52,9.04,8.83,7.19,7.02,0.12,0.02,0.12,0.16,0.38,0.45
339121,33.2465,126.5653,0.33,0.21,0.29,0.3,0.62,0.6,8.58,8.89,8.69,8.65,7.23,7.29,0.11,0.04,0.09,0.1,0.29,0.36
339122,33.4602,126.9101,0.28,0.26,0.36,0.35,0.66,0.61,9.8,9.85,9.55,9.56,7.72,8.13,0.08,0.07,0.13,0.13,0.37,0.38
339123,33.2843,126.7149,0.31,0.29,0.35,0.35,0.65,0.67,9.85,9.9,9.7,9.68,7.92,7.72,0.09,0.08,0.12,0.13,0.36,0.44
339131,33.2279,126.2475,0.4,0.24,0.41,0.43,0.63,0.62,8.69,9.2,8.63,8.55,7.42,7.44,0.16,0.06,0.18,0.2,0.34,0.38
422114,35.8743,128.5841,0.26,0.32,0.45,0.51,0.71,0.69,13.12,12.84,12.15,11.65,9.66,9.82,0.07,0.11,0.2,0.27,0.45,0.5
422115,35.8305,128.6316,0.39,0.25,0.39,0.46,0.71,0.71,11.04,11.65,11.07,10.64,8.51,8.44,0.16,0.06,0.15,0.22,0.44,0.51
422121,35.8691,128.711,0.34,0.27,0.4,0.47,0.68,0.68,12.11,12.4,11.79,11.4,9.44,9.44,0.12,0.07,0.17,0.22,0.42,0.47
422132,35.8696,128.5453,0.27,0.32,0.43,0.5,0.71,0.7,13.7,13.46,12.83,12.31,10.09,10.11,0.07,0.1,0.19,0.26,0.46,0.51
422141,35.8455,128.5711,0.27,0.27,0.39,0.47,0.71,0.71,12.56,12.57,12.02,11.52,9.26,9.24,0.07,0.07,0.15,0.22,0.45,0.51
422154,35.8898,128.6331,0.3,0.29,0.41,0.48,0.69,0.68,12.96,12.99,12.37,11.91,9.86,9.97,0.09,0.09,0.17,0.23,0.42,0.48
422155,35.923,128.5507,0.31,0.32,0.39,0.43,0.69,0.68,11.12,11.08,10.79,10.59,8.56,8.58,0.1,0.11,0.15,0.19,0.42,0.48
422158,35.8933,128.6021,0.26,0.31,0.43,0.5,0.7,0.69,13.1,12.9,12.23,11.74,9.74,9.77,0.07,0.09,0.19,0.25,0.43,0.48
422161,35.8653,128.64,0.3,0.34,0.44,0.5,0.71,0.71,13.23,13.03,12.45,11.96,9.81,9.83,0.09,0.12,0.2,0.26,0.46,0.51
422171,35.8379,128.4887,0.34,0.27,0.42,0.49,0.69,0.69,12.05,12.35,11.62,11.18,9.38,9.24,0.12,0.07,0.18,0.24,0.43,0.48
422201,35.7,128.46,0.27,0.26,0.4,0.49,0.71,0.7,12.21,12.25,11.64,11.06,8.94,9.01,0.07,0.07,0.16,0.25,0.46,0.51
422203,35.8376,128.6976,0.33,0.34,0.42,0.47,0.69,0.68,12.89,12.87,12.43,12.09,9.96,9.97,0.11,0.12,0.18,0.22,0.41,0.47
422204,35.8167,128.5287,0.25,0.24,0.36,0.45,0.66,0.65,12.95,12.98,12.49,11.97,10.02,10.15,0.06,0.06,0.13,0.21,0.41,0.45
422205,35.8649,128.4572,0.26,0.38,0.44,0.5,0.7,0.69,11.65,11.18,10.83,10.46,8.64,8.79,0.07,0.14,0.2,0.25,0.44,0.48
422206,35.8344,128.5411,0.29,0.26,0.42,0.5,0.71,0.71,13.99,14.14,13.29,12.69,10.32,10.37,0.09,0.07,0.18,0.25,0.46,0.52
422207,35.859,128.5519,0.25,0.32,0.43,0.51,0.73,0.71,15.22,14.89,14.2,13.55,10.89,11.03,0.06,0.11,0.19,0.26,0.48,0.53
422208,35.8876,128.5844,0.28,0.28,0.44,0.5,0.71,0.71,14.66,14.67,13.73,13.21,10.79,10.76,0.08,0.08,0.2,0.26,0.46,0.51
422209,35.7973,128.505,0.3,0.24,0.36,0.46,0.69,0.67,12.84,13.07,12.57,11.97,9.8,9.94,0.09,0.06,0.13,0.21,0.43,0.46
437112,35.9802,129.3748,0.23,0.33,0.37,0.4,0.67,0.67,9.4,9.1,8.96,8.84,7.22,7.17,0.05,0.11,0.14,0.17,0.38,0.44
437113,36.0707,129.3803,0.19,0.36,0.38,0.39,0.73,0.71,10.7,10.16,10.07,10.04,7.56,7.64,0.03,0.13,0.15,0.16,0.44,0.51
437114,36.0188,129.3658,0.22,0.34,0.38,0.4,0.7,0.67,10.02,9.65,9.49,9.41,7.44,7.62,0.05,0.12,0.15,0.17,0.4,0.44
437115,35.9684,129.36,0.23,0.39,0.41,0.42,0.67,0.65,11.1,10.52,10.43,10.34,8.62,8.7,0.05,0.15,0.17,0.18,0.37,0.41
437116,35.9631,129.3768,0.31,0.33,0.36,0.38,0.68,0.65,11.09,10.99,10.87,10.79,8.68,8.87,0.09,0.11,0.13,0.15,0.38,0.41
437117,36.0301,129.3756,0.31,0.3,0.37,0.41,0.72,0.69,11.18,11.23,10.95,10.72,8.31,8.48,0.1,0.09,0.14,0.18,0.43,0.47
437118,35.9668,129.4087,0.27,0.35,0.4,0.43,0.72,0.7,11.93,11.59,11.38,11.2,8.8,8.81,0.07,0.13,0.16,0.19,0.41,0.47
437119,35.9974,129.4054,0.27,0.33,0.4,0.44,0.7,0.68,12.69,12.47,12.1,11.87,9.58,9.66,0.07,0.11,0.16,0.19,0.41,0.45
437120,35.9963,129.3522,0.26,0.31,0.36,0.4,0.68,0.65,11.97,11.75,11.53,11.35,9.21,9.36,0.07,0.1,0.14,0.16,0.38,0.42
437121,35.99,129.3977,0.15,0.34,0.41,0.47,0.68,0.67,13.84,13.18,12.75,12.38,10.4,10.46,0.02,0.12,0.18,0.23,0.4,0.45
437122,35.8507,129.2076,0.35,0.34,0.37,0.37,0.64,0.62,10.32,10.35,10.23,10.22,8.55,8.63,0.12,0.11,0.14,0.14,0.34,0.39
437123,35.8351,129.287,0.33,0.26,0.27,0.29,0.64,0.61,10.41,10.65,10.62,10.56,8.61,8.73,0.11,0.07,0.08,0.09,0.33,0.38
437124,35.9907,129.227,0.33,0.33,0.37,0.41,0.69,0.68,12.77,12.74,12.56,12.34,9.85,9.91,0.11,0.11,0.14,0.17,0.41,0.47
437125,35.7157,129.3236,0.27,0.28,0.31,0.33,0.71,0.69,12.62,12.59,12.47,12.38,9.41,9.47,0.07,0.08,0.1,0.11,0.41,0.46
437131,36.1206,128.1161,0.33,0.3,0.42,0.46,0.7,0.7,11.31,11.44,10.9,10.63,8.65,8.6,0.11,0.09,0.18,0.22,0.43,0.49
437132,36.1441,128.1372,0.3,0.32,0.39,0.42,0.65,0.62,11.59,11.52,11.2,11.02,9.21,9.54,0.09,0.1,0.15,0.18,0.39,0.42
437133,36.1215,128.1839,0.31,0.31,0.39,0.43,0.68,0.65,9.88,9.87,9.56,9.35,7.68,7.88,0.09,0.1,0.15,0.19,0.4,0.43
437141,36.5683,128.728,0.3,0.31,0.38,0.43,0.69,0.68,11.02,10.99,10.71,10.45,8.39,8.5,0.09,0.1,0.15,0.19,0.42,0.46
437151,36.1019,128.3858,0.33,0.31,0.43,0.47,0.69,0.67,13.87,13.97,13.28,12.98,10.75,10.9,0.11,0.1,0.19,0.23,0.42,0.46
437152,36.1308,128.3258,0.4,0.2,0.41,0.47,0.7,0.69,10.56,11.28,10.49,10.13,8.2,8.33,0.16,0.04,0.17,0.23,0.45,0.49
437153,36.1108,128.3386,0.28,0.28,0.41,0.48,0.71,0.7,13.26,13.27,12.61,12.13,9.79,9.82,0.08,0.08,0.17,0.23,0.44,0.49
437154,36.1372,128.4394,0.36,0.26,0.41,0.46,0.67,0.66,11.75,12.15,11.46,11.14,9.4,9.5,0.13,0.07,0.17,0.22,0.39,0.44
437156,36.1061,128.4188,0.3,0.27,0.43,0.49,0.72,0.7,12.47,12.62,11.8,11.42,9.12,9.35,0.09,0.07,0.19,0.25,0.46,0.49
437161,36.8212,128.6132,0.35,0.3,0.46,0.51,0.73,0.71,14.26,14.5,13.46,13.08,10.52,10.66,0.12,0.09,0.22,0.26,0.46,0.51
437162,36.8287,128.6262,0.36,0.29,0.47,0.52,0.74,0.73,14.92,15.3,14.11,13.7,10.87,11.01,0.13,0.09,0.23,0.27,0.49,0.53
437171,35.825,128.7433,0.3,0.27,0.38,0.45,0.66,0.64,11.93,12.02,11.54,11.14,9.44,9.66,0.09,0.08,0.15,0.21,0.4,0.44
437172,35.9126,128.8145,0.26,0.33,0.48,0.53,0.69,0.67,15.2,14.86,13.81,13.35,11.4,11.66,0.07,0.11,0.24,0.29,0.44,0.48
437181,36.4289,128.1578,0.35,0.29,0.4,0.44,0.67,0.65,12.34,12.61,12.1,11.82,9.82,9.98,0.12,0.09,0.16,0.2,0.41,0.44
437191,35.9907,128.4185,0.24,0.33,0.41,0.46,0.7,0.69,13.66,13.27,12.82,12.49,10.06,10.15,0.06,0.11,0.18,0.22,0.45,0.49
437201,36.4201,129.3638,0.36,0.33,0.36,0.39,0.74,0.73,8.62,8.71,8.6,8.51,6.38,6.35,0.13,0.11,0.14,0.16,0.44,0.51
437203,36.5375,129.4072,0.39,0.37,0.4,0.42,0.72,0.69,7.89,7.95,7.85,7.79,6.08,6.17,0.15,0.14,0.16,0.18,0.43,0.48
437211,36.5868,128.1862,0.35,0.34,0.43,0.48,0.71,0.68,12.59,12.6,12.1,11.79,9.55,9.82,0.12,0.12,0.19,0.23,0.45,0.48
437221,35.9175,128.2901,0.25,0.34,0.44,0.5,0.7,0.69,12.99,12.64,12.06,11.63,9.67,9.71,0.06,0.11,0.2,0.25,0.44,0.49
437402,35.9729,128.9378,0.23,0.34,0.4,0.44,0.7,0.68,13.59,13.13,12.81,12.57,10.14,10.19,0.05,0.12,0.16,0.19,0.41,0.46
437412,36.3527,128.697,0.34,0.25,0.37,0.4,0.66,0.65,11.57,11.89,11.4,11.27,9.27,9.33,0.11,0.07,0.14,0.16,0.39,0.43
437421,36.9972,129.4029,0.25,0.25,0.26,0.25,0.36,0.33,20.21,20.25,20.19,20.21,19.46,19.96,0.06,0.06,0.07,0.07,0.14,0.16
437431,37.0486,129.0653,0.38,0.25,0.28,0.3,0.66,0.64,8.24,8.62,8.55,8.49,6.75,6.82,0.14,0.06,0.08,0.09,0.36,0.4
437432,36.8927,128.7316,0.28,0.34,0.35,0.39,0.63,0.62,7.3,7.16,7.15,7.01,5.93,5.95,0.08,0.12,0.13,0.17,0.34,0.4
437542,37.4841,130.9056,0.33,0.13,0.18,0.18,0.3,0.25,7.99,8.4,8.34,8.34,8.37,8.71,0.11,0.02,0.03,0.03,0.16,0.15
437551,35.7262,128.2817,0.25,0.33,0.37,0.42,0.67,0.64,10.19,9.91,9.77,9.54,7.81,8.04,0.06,0.12,0.14,0.18,0.4,0.43
437561,36.2379,128.5746,0.32,0.32,0.37,0.41,0.72,0.72,11.24,11.26,11.02,10.83,8.31,8.26,0.1,0.11,0.15,0.18,0.45,0.51
437571,36.6667,129.1124,0.32,0.29,0.35,0.4,0.67,0.64,10.32,10.43,10.21,10.02,8.12,8.37,0.1,0.09,0.13,0.16,0.4,0.43
437581,36.5768,128.4732,0.31,0.38,0.43,0.45,0.65,0.65,11.56,11.25,10.97,10.85,9.24,9.2,0.09,0.14,0.19,0.21,0.39,0.44
437591,35.6498,128.7063,0.25,0.26,0.37,0.41,0.67,0.65,13.47,13.45,12.94,12.69,10.41,10.59,0.06,0.07,0.14,0.17,0.4,0.44
525111,36.3728,127.4172,0.44,0.22,0.4,0.42,0.67,0.67,13.91,15.08,14.14,14.02,11.62,11.54,0.19,0.05,0.17,0.18,0.38,0.44
525112,36.4469,127.4047,0.36,0.24,0.46,0.49,0.73,0.72,14.81,15.43,14.14,13.87,10.94,11.03,0.13,0.06,0.21,0.24,0.47,0.53
525121,36.3161,127.4378,0.4,0.27,0.42,0.44,0.66,0.66,11.27,11.84,11.16,11.02,9.29,9.26,0.16,0.08,0.18,0.2,0.38,0.44
525141,36.3724,127.3739,0.3,0.26,0.4,0.44,0.65,0.65,13.28,13.47,12.76,12.49,10.59,10.58,0.09,0.07,0.16,0.2,0.38,0.43
525142,36.3682,127.3185,0.4,0.29,0.42,0.45,0.64,0.63,12.22,12.8,12.12,11.96,10.29,10.42,0.16,0.08,0.18,0.2,0.37,0.41
525143,36.3352,127.3345,0.43,0.27,0.44,0.46,0.65,0.65,10.98,11.7,10.93,10.82,9.31,9.28,0.18,0.08,0.19,0.21,0.37,0.42
525144,36.4252,127.3959,0.47,0.23,0.45,0.48,0.67,0.67,13.95,15.41,14.14,13.85,11.79,11.73,0.22,0.05,0.21,0.24,0.41,0.46
525161,36.3444,127.4372,0.36,0.24,0.36,0.39,0.67,0.67,13.7,14.23,13.68,13.51,10.97,10.87,0.13,0.06,0.13,0.15,0.39,0.44
525162,36.3025,127.4601,0.43,0.27,0.4,0.43,0.69,0.67,11.64,12.41,11.78,11.65,9.39,9.5,0.18,0.07,0.17,0.19,0.41,0.46
525171,36.3045,127.3667,0.37,0.26,0.4,0.41,0.64,0.63,11.58,12.06,11.46,11.38,9.64,9.65,0.14,0.07,0.16,0.18,0.35,0.4
525172,36.3544,127.3835,0.37,0.23,0.42,0.45,0.65,0.65,12.62,13.19,12.29,12.08,10.31,10.32,0.13,0.05,0.18,0.21,0.38,0.43
533112,36.6447,127.4368,0.4,0.34,0.52,0.56,0.68,0.68,13.92,14.24,12.93,12.54,11.11,11.2,0.16,0.12,0.27,0.32,0.43,0.48
533113,36.6661,127.4749,0.43,0.35,0.54,0.57,0.71,0.7,14.79,15.31,13.78,13.47,11.53,11.63,0.18,0.13,0.29,0.32,0.47,0.52
533114,36.6358,127.5036,0.41,0.37,0.51,0.55,0.7,0.69,13.14,13.41,12.41,12.07,10.42,10.43,0.17,0.14,0.27,0.31,0.42,0.47
533115,36.6088,127.5013,0.41,0.34,0.5,0.54,0.7,0.7,14.59,15.03,13.85,13.48,11.47,11.43,0.16,0.11,0.25,0.29,0.44,0.49
534111,36.8143,127.1521,0.38,0.35,0.5,0.52,0.7,0.7,15.12,15.29,14.13,13.93,11.76,11.65,0.14,0.13,0.26,0.28,0.42,0.48
534112,36.8251,127.1106,0.44,0.29,0.48,0.5,0.69,0.68,16.05,17.11,15.7,15.45,13.0,13.07,0.19,0.09,0.23,0.26,0.43,0.48
534115,36.8834,127.2074,0.48,0.26,0.51,0.55,0.74,0.72,16.9,18.61,16.56,16.14,13.05,13.46,0.23,0.07,0.27,0.3,0.49,0.52
534116,36.7844,127.1229,0.32,0.35,0.49,0.52,0.71,0.7,15.36,15.21,14.13,13.86,11.56,11.51,0.1,0.12,0.24,0.27,0.44,0.5
534342,36.447,127.1192,0.38,0.3,0.43,0.46,0.68,0.68,14.8,15.31,14.46,14.21,11.91,11.79,0.15,0.09,0.19,0.22,0.4,0.46
534343,36.3086,127.0671,0.32,0.29,0.44,0.45,0.66,0.64,15.21,15.32,14.42,14.32,12.17,12.31,0.1,0.09,0.19,0.21,0.37,0.41
534411,36.2755,126.9113,0.4,0.31,0.39,0.41,0.67,0.66,11.39,11.8,11.43,11.36,9.33,9.37,0.16,0.11,0.17,0.18,0.37,0.42
534421,36.9897,126.3853,0.43,0.28,0.51,0.51,0.73,0.74,12.62,13.44,12.08,12.03,9.66,9.48,0.19,0.08,0.26,0.26,0.45,0.52
534422,36.7799,126.4561,0.38,0.24,0.44,0.46,0.7,0.68,12.92,13.56,12.55,12.39,10.11,10.2,0.14,0.06,0.19,0.21,0.41,0.46
534423,36.938,126.4339,0.3,0.32,0.42,0.42,0.66,0.65,12.15,12.06,11.54,11.54,9.61,9.7,0.09,0.11,0.18,0.18,0.37,0.42
534424,36.8391,126.4609,0.41,0.26,0.51,0.52,0.71,0.7,13.0,13.77,12.27,12.16,10.13,10.11,0.17,0.07,0.26,0.28,0.43,0.49
534433,36.9765,126.7164,0.32,0.31,0.46,0.47,0.69,0.66,16.85,16.92,15.81,15.73,13.07,13.31,0.1,0.09,0.21,0.22,0.4,0.43
534434,36.8899,126.6458,0.34,0.32,0.5,0.52,0.7,0.69,15.85,15.94,14.58,14.44,12.05,12.19,0.12,0.11,0.25,0.27,0.44,0.48
534441,36.7829,127.0145,0.33,0.34,0.47,0.51,0.68,0.67,15.5,15.45,14.47,14.14,12.07,12.22,0.11,0.12,0.23,0.27,0.41,0.46
534442,36.7738,127.0539,0.34,0.33,0.44,0.47,0.67,0.65,14.92,14.96,14.24,14.0,11.91,12.14,0.12,0.11,0.2,0.23,0.39,0.45
534443,36.7625,126.8887,0.33,0.33,0.45,0.49,0.68,0.66,15.41,15.43,14.55,14.23,12.07,12.31,0.11,0.11,0.21,0.24,0.4,0.43
534444,36.9143,127.0596,0.29,0.37,0.51,0.55,0.71,0.7,18.78,18.23,16.88,16.37,13.83,14.02,0.08,0.14,0.26,0.31,0.46,0.51
534445,36.8734,126.8798,0.35,0.33,0.46,0.51,0.68,0.65,17.43,17.58,16.54,15.99,13.74,14.23,0.12,0.11,0.21,0.27,0.41,0.43
534451,36.1994,127.0871,0.4,0.25,0.38,0.39,0.59,0.58,10.83,11.48,10.95,10.88,9.59,9.62,0.16,0.06,0.15,0.16,0.3,0.35
534452,36.1251,127.0991,0.34,0.25,0.45,0.46,0.68,0.68,12.39,12.76,11.75,11.67,9.76,9.68,0.11,0.06,0.21,0.22,0.4,0.46
534453,36.2154,127.0439,0.42,0.33,0.58,0.6,0.75,0.74,14.95,15.55,13.46,13.16,10.92,11.01,0.18,0.11,0.34,0.37,0.52,0.57
534462,36.8697,126.2805,0.36,0.27,0.45,0.45,0.72,0.7,12.38,12.78,11.89,11.87,9.37,9.49,0.13,0.07,0.2,0.21,0.42,0.47
534463,36.7467,126.3015,0.41,0.27,0.46,0.47,0.69,0.67,10.77,11.36,10.47,10.42,8.61,8.8,0.17,0.07,0.21,0.22,0.4,0.45
534465,36.8242,126.2572,0.47,0.23,0.54,0.55,0.76,0.74,12.65,13.98,12.09,11.99,9.44,9.69,0.22,0.06,0.3,0.31,0.51,0.54
534471,36.6774,126.8489,0.27,0.36,0.45,0.48,0.66,0.65,13.54,13.12,12.57,12.3,10.67,10.66,0.07,0.13,0.2,0.24,0.38,0.43
534472,36.6881,126.7392,0.32,0.31,0.5,0.55,0.7,0.68,16.25,16.34,14.83,14.31,12.41,12.53,0.1,0.1,0.26,0.31,0.43,0.48
534481,36.3531,126.5897,0.23,0.28,0.39,0.4,0.59,0.56,13.35,13.15,12.63,12.58,11.14,11.42,0.05,0.08,0.16,0.17,0.3,0.33
534482,36.3908,126.5693,0.32,0.3,0.42,0.43,0.61,0.58,13.98,14.06,13.37,13.32,11.73,12.01,0.1,0.09,0.18,0.19,0.33,0.36
534491,36.5977,126.6551,0.33,0.34,0.53,0.56,0.72,0.72,13.68,13.65,12.28,12.04,10.13,10.1,0.11,0.11,0.28,0.31,0.46,0.52
534492,36.6533,126.668,0.36,0.29,0.44,0.48,0.69,0.67,15.14,15.53,14.57,14.24,11.91,11.97,0.13,0.08,0.2,0.23,0.4,0.46
534501,36.1072,127.4907,0.39,0.28,0.38,0.4,0.66,0.66,12.07,12.59,12.1,12.02,9.9,9.86,0.15,0.08,0.15,0.17,0.37,0.43
534502,36.4552,126.8049,0.34,0.29,0.44,0.45,0.66,0.65,14.24,14.5,13.64,13.52,11.47,11.46,0.12,0.09,0.2,0.21,0.38,0.43
534503,36.415,126.9454,0.39,0.25,0.47,0.49,0.72,0.72,14.58,15.36,13.99,13.85,11.04,10.99,0.15,0.07,0.23,0.25,0.46,0.52
534510,36.287,127.2379,0.4,0.34,0.39,0.39,0.66,0.63,11.26,11.54,11.32,11.29,9.28,9.5,0.16,0.12,0.15,0.16,0.38,0.42
541111,36.5925,127.2921,0.41,0.31,0.51,0.55,0.74,0.72,15.58,16.21,14.65,14.21,11.62,11.82,0.17,0.1,0.27,0.31,0.49,0.53
541112,36.5119,127.2472,0.37,0.34,0.43,0.45,0.62,0.6,13.13,13.26,12.73,12.62,11.09,11.31,0.14,0.12,0.19,0.2,0.34,0.38
541113,36.4761,127.2514,0.38,0.35,0.44,0.45,0.66,0.66,12.55,12.68,12.17,12.07,10.21,10.22,0.14,0.13,0.2,0.21,0.38,0.43
541114,36.527,127.3703,0.43,0.31,0.52,0.55,0.75,0.74,14.24,15.05,13.54,13.2,10.56,10.58,0.19,0.09,0.27,0.31,0.5,0.55
632121,37.3528,127.9475,0.39,0.25,0.43,0.46,0.67,0.66,10.95,11.53,10.73,10.58,8.86,9.0,0.16,0.07,0.19,0.22,0.4,0.45
632122,37.3356,127.9771,0.47,0.23,0.43,0.46,0.71,0.7,13.32,14.7,13.67,13.43,10.66,10.84,0.22,0.05,0.19,0.22,0.45,0.49
632124,37.3128,127.8173,0.43,0.37,0.46,0.5,0.71,0.69,11.83,12.19,11.67,11.38,9.28,9.56,0.19,0.14,0.21,0.26,0.45,0.48
632126,37.3723,127.8751,0.49,0.38,0.47,0.49,0.74,0.72,12.37,13.06,12.52,12.33,9.6,9.85,0.24,0.15,0.22,0.24,0.48,0.52
632132,37.76,128.903,0.44,0.36,0.38,0.39,0.67,0.65,8.4,8.73,8.64,8.62,6.98,7.09,0.19,0.13,0.15,0.16,0.38,0.42
632151,37.525,129.1145,0.46,0.53,0.55,0.54,0.65,0.59,9.62,9.18,9.06,9.06,8.28,8.7,0.21,0.29,0.31,0.31,0.35,0.38
632161,37.4426,129.1684,0.44,0.49,0.51,0.51,0.71,0.67,7.9,7.69,7.58,7.59,6.27,6.5,0.19,0.24,0.26,0.26,0.43,0.45
632171,37.3607,128.389,0.48,0.22,0.44,0.48,0.7,0.67,9.17,10.18,9.38,9.18,7.45,7.73,0.23,0.05,0.2,0.23,0.45,0.47
632372,37.3797,128.6616,0.46,0.24,0.34,0.36,0.74,0.71,10.12,11.09,10.77,10.66,7.73,8.03,0.22,0.06,0.11,0.13,0.48,0.51
632432,37.4899,127.9829,0.45,0.35,0.46,0.47,0.67,0.66,13.16,13.81,13.1,13.06,10.98,11.14,0.2,0.12,0.21,0.22,0.4,0.45
632441,38.3811,128.4637,0.41,0.46,0.46,0.46,0.71,0.68,9.87,9.62,9.62,9.6,7.76,7.97,0.17,0.21,0.21,0.22,0.42,0.47
632451,38.075,128.6184,0.39,0.37,0.39,0.4,0.61,0.6,8.21,8.26,8.18,8.18,7.06,7.13,0.15,0.14,0.16,0.16,0.33,0.37
632461,38.2069,128.5882,0.4,0.47,0.48,0.49,0.69,0.69,9.56,9.16,9.14,9.06,7.56,7.58,0.16,0.23,0.24,0.25,0.41,0.46
632472,38.1471,127.3125,0.43,0.33,0.4,0.43,0.69,0.67,11.64,12.18,11.82,11.7,9.43,9.61,0.19,0.11,0.17,0.18,0.41,0.45
632481,37.6838,127.8803,0.47,0.36,0.46,0.46,0.7,0.67,11.78,12.45,11.86,11.83,9.58,9.87,0.22,0.13,0.21,0.22,0.44,0.46
632491,37.174,128.4625,0.5,0.23,0.44,0.48,0.74,0.71,9.73,10.9,10.09,9.83,7.68,7.84,0.25,0.06,0.19,0.24,0.47,0.52
632501,38.1064,127.7084,0.56,0.29,0.47,0.47,0.7,0.67,11.53,13.33,12.32,12.3,10.08,10.35,0.31,0.09,0.22,0.22,0.42,0.46
632511,37.1629,128.9867,0.36,0.33,0.34,0.34,0.69,0.67,6.92,7.01,6.99,6.98,5.44,5.49,0.13,0.11,0.12,0.12,0.4,0.44
632521,38.0602,128.1668,0.42,0.29,0.34,0.34,0.66,0.63,8.32,8.78,8.63,8.61,6.91,7.09,0.18,0.08,0.12,0.12,0.38,0.41
633122,36.9646,127.9262,0.43,0.27,0.44,0.49,0.69,0.67,12.43,13.25,12.34,12.0,9.96,10.17,0.18,0.07,0.2,0.24,0.43,0.46
633123,36.9821,127.9192,0.36,0.29,0.44,0.49,0.7,0.7,14.91,15.28,14.34,13.91,11.49,11.44,0.13,0.08,0.19,0.24,0.43,0.49
633124,37.0165,127.8227,0.37,0.34,0.43,0.46,0.71,0.69,12.39,12.52,12.0,11.8,9.55,9.59,0.14,0.12,0.19,0.22,0.42,0.48
633125,36.9052,127.9641,0.43,0.32,0.47,0.5,0.69,0.68,11.01,11.57,10.81,10.6,8.85,8.99,0.19,0.1,0.22,0.25,0.43,0.47
633131,37.1451,128.2207,0.34,0.3,0.46,0.52,0.71,0.68,14.14,14.36,13.37,12.83,10.7,11.06,0.12,0.09,0.21,0.28,0.46,0.49
633132,37.1241,128.2006,0.43,0.35,0.54,0.58,0.76,0.75,13.79,14.33,12.88,12.5,10.06,10.18,0.19,0.12,0.29,0.33,0.51,0.56
633133,37.0002,128.1677,0.38,0.27,0.37,0.41,0.67,0.63,11.78,12.28,11.87,11.64,9.52,9.92,0.15,0.08,0.14,0.17,0.41,0.43
633211,36.7134,127.4172,0.37,0.31,0.42,0.46,0.67,0.66,13.73,14.03,13.36,13.13,11.04,11.11,0.13,0.1,0.18,0.21,0.39,0.44
633213,36.6137,127.4674,0.39,0.32,0.47,0.51,0.68,0.66,14.22,14.63,13.64,13.29,11.44,11.54,0.15,0.1,0.22,0.27,0.4,0.45
633214,36.6325,127.3251,0.37,0.31,0.51,0.54,0.72,0.7,15.77,16.1,14.6,14.25,11.84,12.14,0.13,0.1,0.26,0.3,0.47,0.5
633215,36.5536,127.5485,0.42,0.29,0.48,0.51,0.72,0.71,13.08,13.79,12.68,12.44,10.1,10.19,0.18,0.09,0.23,0.26,0.45,0.5
633311,37.0334,128.2957,0.32,0.18,0.44,0.51,0.69,0.66,18.5,19.19,17.49,16.78,14.21,14.63,0.1,0.03,0.2,0.27,0.44,0.47
633312,36.9392,128.3207,0.4,0.26,0.36,0.39,0.63,0.61,10.93,11.5,11.14,10.97,9.26,9.43,0.16,0.07,0.13,0.16,0.36,0.39
633313,36.9872,128.3656,0.23,0.19,0.25,0.33,0.59,0.53,15.62,15.73,15.54,15.16,13.07,13.6,0.05,0.04,0.06,0.11,0.29,0.31
633362,36.8075,127.7893,0.35,0.34,0.41,0.45,0.66,0.64,12.91,12.96,12.54,12.27,10.31,10.54,0.12,0.11,0.17,0.21,0.41,0.43
633363,36.8369,127.8745,0.41,0.3,0.46,0.49,0.68,0.67,14.45,15.11,14.05,13.76,11.56,11.7,0.17,0.09,0.21,0.25,0.44,0.47
633411,36.8551,127.4414,0.36,0.31,0.48,0.53,0.71,0.69,14.58,14.82,13.72,13.27,10.96,11.28,0.13,0.1,0.23,0.28,0.47,0.5
633412,36.902,127.539,0.35,0.35,0.46,0.5,0.7,0.68,16.08,16.14,15.25,14.94,12.31,12.61,0.13,0.12,0.22,0.25,0.44,0.48
633462,36.9289,127.6889,0.37,0.39,0.51,0.54,0.75,0.73,14.22,14.11,13.19,12.9,10.25,10.48,0.13,0.15,0.26,0.29,0.51,0.53
633463,36.9227,127.7574,0.44,0.29,0.44,0.47,0.71,0.68,12.77,13.62,12.79,12.58,10.17,10.41,0.2,0.09,0.2,0.23,0.44,0.48
633471,36.1728,127.7778,0.37,0.26,0.35,0.37,0.62,0.6,10.87,11.32,10.96,10.89,9.24,9.43,0.14,0.07,0.13,0.14,0.34,0.38
633472,36.2295,127.9132,0.33,0.28,0.35,0.38,0.66,0.65,11.52,11.72,11.43,11.3,9.19,9.31,0.11,0.08,0.13,0.15,0.38,0.43
633481,36.8134,127.613,0.51,0.34,0.54,0.57,0.75,0.74,12.97,14.15,12.68,12.37,10.08,10.19,0.26,0.12,0.29,0.33,0.51,0.55
633482,36.7677,127.6049,0.47,0.36,0.47,0.52,0.72,0.69,10.64,11.27,10.63,10.32,8.49,8.79,0.22,0.13,0.23,0.27,0.45,0.49
633491,36.4837,127.717,0.41,0.29,0.42,0.45,0.72,0.71,12.24,12.83,12.17,11.98,9.44,9.39,0.16,0.09,0.18,0.21,0.45,0.51
634111,36.3064,127.5712,0.37,0.3,0.45,0.47,0.68,0.66,13.12,13.46,12.61,12.42,10.32,10.53,0.13,0.09,0.2,0.23,0.42,0.46
735111,35.799,127.1218,0.43,0.25,0.45,0.48,0.68,0.67,10.08,10.81,9.98,9.8,8.29,8.27,0.18,0.06,0.2,0.23,0.39,0.44
735114,35.8515,127.087,0.46,0.23,0.42,0.45,0.64,0.63,10.8,11.85,11.08,10.86,9.42,9.51,0.22,0.06,0.18,0.21,0.36,0.4
735115,35.8674,127.1175,0.47,0.25,0.42,0.46,0.66,0.66,13.22,14.51,13.6,13.35,11.43,11.34,0.22,0.07,0.18,0.22,0.35,0.42
735117,35.8465,127.0627,0.41,0.25,0.43,0.47,0.66,0.66,13.06,13.88,12.95,12.63,10.91,10.81,0.17,0.06,0.19,0.23,0.37,0.42
735121,35.9729,126.7007,0.4,0.33,0.51,0.53,0.71,0.69,13.91,14.32,13.03,12.86,10.79,10.96,0.16,0.11,0.27,0.29,0.44,0.49
735122,35.9733,126.6514,0.37,0.3,0.48,0.49,0.72,0.7,13.97,14.33,13.15,13.07,10.5,10.69,0.13,0.09,0.24,0.25,0.44,0.49
735123,35.9639,126.7532,0.4,0.31,0.52,0.53,0.71,0.69,13.57,14.06,12.62,12.49,10.47,10.64,0.16,0.1,0.27,0.29,0.44,0.48
735124,35.9395,126.7484,0.38,0.3,0.51,0.52,0.71,0.7,13.79,14.18,12.83,12.71,10.55,10.68,0.14,0.09,0.26,0.28,0.44,0.49
735125,35.9438,126.5411,0.33,0.23,0.4,0.4,0.38,0.36,14.7,15.15,14.25,14.25,14.83,15.04,0.11,0.05,0.16,0.16,0.23,0.23
735127,35.9585,126.597,0.36,0.3,0.53,0.54,0.71,0.71,13.73,14.07,12.45,12.35,10.44,10.43,0.13,0.09,0.29,0.3,0.44,0.5
735131,36.0203,126.9841,0.33,0.34,0.47,0.49,0.68,0.68,15.45,15.43,14.48,14.26,12.14,12.05,0.11,0.12,0.22,0.25,0.41,0.47
735133,35.9616,127.0042,0.34,0.26,0.44,0.5,0.68,0.68,13.92,14.31,13.29,12.86,10.88,10.82,0.12,0.07,0.2,0.25,0.4,0.46
735134,35.9546,126.9414,0.3,0.31,0.47,0.51,0.67,0.65,14.39,14.35,13.33,12.94,11.26,11.42,0.09,0.1,0.22,0.27,0.4,0.45
735135,36.1097,126.9918,0.4,0.37,0.53,0.55,0.71,0.7,15.43,15.69,14.26,14.1,11.92,12.03,0.16,0.14,0.29,0.31,0.45,0.5
735136,36.078,126.9663,0.3,0.36,0.52,0.55,0.7,0.68,14.99,14.65,13.45,13.11,11.33,11.61,0.09,0.13,0.27,0.31,0.44,0.48
735137,35.9011,127.0053,0.33,0.28,0.44,0.49,0.64,0.64,15.87,16.1,15.08,14.61,13.0,12.85,0.11,0.08,0.2,0.25,0.36,0.41
735138,36.0598,127.0835,0.35,0.3,0.48,0.51,0.68,0.67,14.4,14.65,13.45,13.21,11.4,11.45,0.12,0.09,0.24,0.26,0.4,0.45
735141,35.5684,126.8459,0.37,0.25,0.42,0.45,0.63,0.63,12.42,12.96,12.13,11.97,10.44,10.39,0.14,0.06,0.18,0.21,0.35,0.41
735142,35.688,126.8868,0.38,0.31,0.41,0.43,0.61,0.6,11.34,11.66,11.19,11.05,9.73,9.84,0.14,0.1,0.17,0.19,0.33,0.38
735143,35.609,126.8528,0.42,0.29,0.46,0.48,0.69,0.68,12.07,12.75,11.85,11.71,9.74,9.79,0.18,0.09,0.21,0.23,0.41,0.46
735151,35.4077,127.3846,0.31,0.17,0.37,0.4,0.64,0.63,10.35,10.72,10.12,9.96,8.43,8.43,0.09,0.03,0.14,0.17,0.35,0.41
735152,35.4398,127.5289,0.24,0.19,0.27,0.27,0.63,0.59,11.06,11.16,10.97,10.95,8.93,9.17,0.06,0.04,0.07,0.08,0.33,0.36
735161,35.4373,126.713,0.29,0.28,0.38,0.39,0.61,0.58,11.72,11.77,11.32,11.26,9.79,9.97,0.09,0.08,0.15,0.16,0.32,0.35
735162,35.5246,126.5511,0.28,0.26,0.4,0.41,0.66,0.64,11.95,12.04,11.39,11.35,9.53,9.61,0.08,0.07,0.17,0.17,0.35,0.4
735171,35.7294,126.7199,0.37,0.3,0.51,0.52,0.68,0.66,13.48,13.82,12.48,12.39,10.73,10.88,0.14,0.09,0.26,0.28,0.41,0.45
735173,35.7916,126.6981,0.39,0.31,0.53,0.55,0.71,0.7,15.01,15.52,13.82,13.68,11.59,11.72,0.16,0.1,0.29,0.3,0.44,0.49
735181,35.8049,126.8914,0.39,0.26,0.5,0.54,0.68,0.67,14.24,14.9,13.36,13.03,11.36,11.47,0.15,0.07,0.25,0.29,0.41,0.46
735191,35.9764,127.2055,0.36,0.24,0.33,0.36,0.59,0.55,11.07,11.53,11.22,11.09,9.63,9.93,0.13,0.06,0.11,0.13,0.3,0.33
735192,35.9418,127.1661,0.41,0.26,0.36,0.4,0.63,0.6,12.18,12.87,12.44,12.21,10.49,10.67,0.16,0.07,0.13,0.17,0.33,0.38
735193,35.7291,127.1355,0.42,0.27,0.38,0.41,0.68,0.66,11.16,11.87,11.39,11.24,9.13,9.29,0.18,0.07,0.15,0.17,0.38,0.42
735201,35.7972,127.4349,0.41,0.2,0.29,0.3,0.63,0.59,9.73,10.44,10.22,10.18,8.34,8.62,0.17,0.04,0.08,0.09,0.33,0.36
735361,35.6134,127.2794,0.33,0.21,0.29,0.31,0.6,0.58,10.66,11.03,10.79,10.73,9.04,9.21,0.11,0.05,0.09,0.1,0.33,0.37
735362,35.6738,127.2707,0.38,0.3,0.37,0.38,0.65,0.63,11.22,11.59,11.28,11.23,9.3,9.48,0.15,0.09,0.14,0.15,0.36,0.41
735371,36.0087,127.6621,0.36,0.2,0.24,0.25,0.58,0.56,10.61,11.16,11.07,11.04,9.28,9.44,0.13,0.04,0.06,0.07,0.3,0.33
735381,35.3744,127.1374,0.25,0.22,0.32,0.35,0.58,0.54,11.67,11.76,11.45,11.32,9.84,10.19,0.06,0.05,0.1,0.12,0.29,0.31
735391,35.6474,127.5212,0.36,0.17,0.28,0.3,0.62,0.6,11.77,12.44,12.12,12.02,9.92,10.12,0.13,0.03,0.08,0.1,0.35,0.38
735520,36.0762,126.6979,0.38,0.26,0.4,0.42,0.65,0.61,11.26,11.77,11.17,11.07,9.36,9.69,0.15,0.07,0.16,0.18,0.36,0.38
735521,36.1529,126.5493,0.47,0.28,0.45,0.46,0.68,0.66,12.06,13.15,12.19,12.17,10.15,10.32,0.22,0.08,0.21,0.21,0.39,0.43
735522,36.0091,126.6941,0.38,0.29,0.46,0.48,0.63,0.61,13.15,13.6,12.6,12.46,11.07,11.21,0.14,0.08,0.22,0.23,0.35,0.39
735601,36.4293,129.0564,0.37,0.28,0.32,0.33,0.66,0.65,10.93,11.26,11.14,11.07,8.95,8.94,0.13,0.08,0.1,0.12,0.36,0.41
