idx,lat,lon,M0corr,M1corr,M2corr,M3corr,RFcorr,XGBcorr,M0rmse,M1rmse,M2rmse,M3rmse,RFrmse,XGBrmse,M0slp,M1slp,M2slp,M3slp,RFslp,XGBslp,M0re,M1re,M2re,M3re,RFre,XGBre
111121,37.5643,126.9747,0.45,0.28,0.34,0.34,0.6,0.59,25.27,27.13,26.54,26.59,22.75,22.8,0.2,0.08,0.12,0.12,0.31,0.36,0.52,0.66,0.6,0.6,0.44,0.44
131111,37.2838,127.0105,0.41,0.13,0.26,0.27,0.6,0.56,27.59,30.02,29.24,29.16,24.47,25.11,0.17,0.02,0.07,0.08,0.29,0.32,0.46,0.55,0.5,0.5,0.39,0.39
221112,35.0999,129.0305,0.39,0.22,0.26,0.28,0.74,0.72,27.73,29.42,29.11,28.94,20.75,21.04,0.15,0.05,0.07,0.08,0.45,0.46,0.61,0.7,0.68,0.69,0.48,0.48
221141,35.0598,129.0799,0.33,0.27,0.32,0.35,0.76,0.71,38.39,39.2,38.53,38.19,27.47,28.87,0.11,0.08,0.11,0.13,0.44,0.46,0.66,0.68,0.65,0.68,0.52,0.54
221142,35.0908,129.0596,0.38,0.22,0.26,0.27,0.75,0.74,30.35,32.07,31.72,31.61,22.55,22.41,0.15,0.05,0.07,0.08,0.42,0.47,0.65,0.74,0.71,0.74,0.48,0.49
221152,35.156,129.0638,0.42,0.19,0.33,0.34,0.75,0.75,29.48,31.84,30.56,30.45,22.07,21.65,0.17,0.04,0.11,0.12,0.44,0.52,0.53,0.64,0.56,0.57,0.4,0.41
221172,35.1303,129.0877,0.39,0.21,0.24,0.3,0.69,0.7,31.08,33.03,32.73,32.22,24.73,24.07,0.15,0.04,0.06,0.09,0.41,0.46,0.55,0.61,0.6,0.6,0.42,0.42
221174,35.1279,129.116,0.42,0.2,0.22,0.29,0.77,0.76,31.76,34.28,34.11,33.43,23.55,23.24,0.18,0.04,0.05,0.09,0.42,0.48,0.69,0.79,0.79,0.83,0.55,0.56
221181,35.1462,128.9842,0.37,0.19,0.26,0.27,0.73,0.71,31.4,33.22,32.71,32.59,23.42,23.91,0.14,0.04,0.07,0.08,0.45,0.49,0.47,0.52,0.5,0.51,0.35,0.38
221182,35.2078,129.0062,0.39,0.18,0.24,0.24,0.71,0.72,26.43,28.23,27.85,27.86,20.59,19.97,0.15,0.03,0.06,0.06,0.4,0.49,0.47,0.54,0.52,0.53,0.37,0.37
221191,35.2755,129.0895,0.41,0.22,0.25,0.27,0.78,0.78,26.09,27.95,27.72,27.54,18.94,18.16,0.17,0.05,0.07,0.08,0.44,0.54,0.65,0.75,0.75,0.76,0.48,0.48
221192,35.1706,129.1742,0.43,0.22,0.28,0.3,0.76,0.75,28.5,30.77,30.32,30.08,21.44,21.05,0.18,0.05,0.08,0.1,0.43,0.5,0.58,0.69,0.67,0.69,0.44,0.44
221193,35.1832,129.121,0.41,0.21,0.27,0.29,0.75,0.77,30.49,32.64,32.19,31.95,22.8,21.64,0.17,0.05,0.08,0.09,0.44,0.53,0.6,0.69,0.66,0.68,0.44,0.45
221202,35.083,128.9669,0.38,0.17,0.28,0.31,0.74,0.73,29.01,30.93,30.14,29.79,21.45,21.42,0.14,0.03,0.08,0.1,0.44,0.5,0.46,0.53,0.49,0.49,0.36,0.36
221211,35.2087,128.9731,0.39,0.18,0.21,0.22,0.73,0.71,26.5,28.25,28.08,28.0,20.25,20.26,0.15,0.03,0.05,0.06,0.41,0.45,0.65,0.71,0.7,0.71,0.49,0.5
221212,35.0864,128.8631,0.39,0.2,0.27,0.28,0.69,0.69,28.17,29.95,29.43,29.37,22.34,22.14,0.15,0.04,0.08,0.08,0.4,0.46,0.58,0.64,0.61,0.62,0.46,0.47
221213,35.1066,128.9265,0.39,0.19,0.28,0.29,0.7,0.72,28.19,30.08,29.39,29.35,22.04,21.44,0.15,0.04,0.08,0.09,0.43,0.48,0.54,0.62,0.57,0.58,0.41,0.41
221221,35.1811,129.0746,0.39,0.25,0.28,0.3,0.76,0.73,26.91,28.31,28.02,27.87,19.46,20.05,0.15,0.06,0.08,0.09,0.46,0.48,0.59,0.65,0.64,0.64,0.44,0.45
221231,35.2387,129.2158,0.41,0.24,0.31,0.34,0.73,0.74,28.68,30.55,29.93,29.64,22.06,21.31,0.17,0.06,0.1,0.12,0.42,0.49,0.61,0.69,0.67,0.69,0.47,0.48
221233,35.3256,129.1802,0.41,0.22,0.26,0.31,0.77,0.76,28.32,30.25,29.91,29.53,20.31,20.4,0.17,0.05,0.07,0.1,0.47,0.51,0.61,0.69,0.69,0.7,0.49,0.48
221241,35.1294,129.0454,0.39,0.31,0.33,0.34,0.78,0.78,27.32,28.26,28.1,27.91,18.67,18.7,0.15,0.1,0.11,0.13,0.54,0.57,0.62,0.66,0.65,0.67,0.45,0.45
221251,35.2298,129.0927,0.44,0.13,0.25,0.31,0.78,0.77,23.12,25.51,24.94,24.43,16.82,16.43,0.19,0.02,0.06,0.1,0.47,0.54,0.49,0.62,0.57,0.59,0.42,0.42
221253,35.2295,129.1208,0.4,0.13,0.19,0.24,0.75,0.77,27.52,29.77,29.49,29.15,20.48,19.5,0.16,0.02,0.04,0.06,0.44,0.51,0.66,0.78,0.75,0.76,0.5,0.5
221281,35.1174,129.0157,0.43,0.25,0.32,0.32,0.66,0.66,23.43,25.18,24.59,24.58,19.79,19.61,0.19,0.06,0.11,0.11,0.35,0.4,0.5,0.59,0.54,0.54,0.4,0.41
221282,35.1744,128.9851,0.37,0.23,0.26,0.27,0.7,0.72,26.22,27.39,27.22,27.15,20.44,19.65,0.13,0.06,0.07,0.08,0.4,0.47,0.51,0.54,0.53,0.54,0.38,0.38
221283,35.1552,129.023,0.37,0.24,0.29,0.3,0.77,0.76,28.12,29.4,29.0,28.9,19.99,19.86,0.14,0.06,0.09,0.1,0.47,0.52,0.54,0.59,0.57,0.56,0.4,0.4
221284,35.1052,128.9737,0.38,0.23,0.28,0.29,0.71,0.71,26.46,27.8,27.4,27.36,20.28,20.26,0.14,0.05,0.08,0.09,0.43,0.46,0.53,0.57,0.55,0.55,0.4,0.39
238111,35.2181,128.5739,0.41,0.23,0.26,0.26,0.63,0.64,23.33,24.9,24.68,24.67,20.1,19.74,0.17,0.05,0.07,0.07,0.33,0.39,0.5,0.53,0.53,0.53,0.39,0.39
238112,35.2176,128.6025,0.4,0.22,0.27,0.26,0.68,0.67,24.71,26.31,25.99,26.02,20.04,19.95,0.16,0.05,0.07,0.07,0.37,0.44,0.57,0.63,0.61,0.61,0.42,0.42
238113,35.2259,128.5033,0.41,0.18,0.26,0.27,0.6,0.61,22.63,24.45,23.99,23.94,20.13,19.77,0.17,0.03,0.07,0.08,0.29,0.36,0.59,0.67,0.64,0.63,0.5,0.5
238120,35.5028,129.4184,0.35,0.19,0.25,0.25,0.7,0.71,32.05,33.65,33.22,33.17,25.44,24.49,0.13,0.04,0.06,0.07,0.35,0.44,0.6,0.67,0.65,0.67,0.46,0.45
238121,35.5563,129.3205,0.38,0.2,0.23,0.24,0.71,0.73,29.27,31.03,30.85,30.82,23.09,21.9,0.15,0.04,0.06,0.06,0.36,0.46,0.54,0.58,0.58,0.6,0.41,0.41
238122,35.4973,129.339,0.43,0.25,0.3,0.33,0.74,0.73,34.46,36.93,36.31,35.94,26.54,26.11,0.18,0.06,0.09,0.11,0.42,0.48,0.6,0.72,0.68,0.69,0.47,0.46
238123,35.5156,129.3671,0.31,0.08,0.23,0.29,0.59,0.57,46.9,49.2,48.04,47.27,39.97,40.41,0.1,0.01,0.06,0.09,0.31,0.34,0.69,0.76,0.74,0.72,0.56,0.56
238124,35.529,129.3262,0.4,0.25,0.28,0.31,0.73,0.74,30.67,32.43,32.13,31.86,23.55,22.8,0.16,0.06,0.08,0.1,0.41,0.49,0.55,0.6,0.59,0.61,0.4,0.4
238125,35.5444,129.3318,0.35,0.2,0.24,0.26,0.72,0.76,31.57,33.02,32.74,32.55,24.26,22.47,0.12,0.04,0.06,0.07,0.38,0.48,0.57,0.6,0.58,0.59,0.4,0.39
238127,35.5347,129.3081,0.37,0.22,0.26,0.29,0.75,0.77,31.36,32.93,32.63,32.35,23.18,21.82,0.14,0.05,0.07,0.09,0.42,0.51,0.53,0.55,0.54,0.57,0.4,0.39
238128,35.4363,129.3079,0.38,0.18,0.22,0.28,0.77,0.79,33.23,35.34,35.03,34.51,24.07,22.61,0.14,0.03,0.05,0.08,0.44,0.52,0.58,0.65,0.65,0.66,0.46,0.44
238129,35.5593,129.2608,0.38,0.22,0.25,0.26,0.77,0.77,26.44,27.88,27.73,27.66,19.07,18.43,0.15,0.05,0.06,0.07,0.44,0.53,0.54,0.57,0.57,0.58,0.4,0.4
238130,35.5595,129.3711,0.37,0.19,0.24,0.27,0.75,0.77,34.62,36.68,36.26,36.0,25.87,24.16,0.14,0.04,0.06,0.08,0.41,0.5,0.55,0.59,0.58,0.6,0.4,0.39
238131,35.1959,128.0745,0.41,0.2,0.27,0.26,0.55,0.55,25.39,27.3,26.85,26.88,23.37,23.31,0.17,0.04,0.08,0.08,0.25,0.28,0.66,0.79,0.75,0.75,0.54,0.54
238132,35.1921,128.0837,0.34,0.2,0.26,0.27,0.57,0.54,25.26,26.3,25.91,25.87,22.3,22.63,0.11,0.04,0.07,0.08,0.26,0.29,0.61,0.65,0.64,0.64,0.49,0.49
238133,35.1809,128.1225,0.36,0.23,0.26,0.26,0.61,0.6,21.44,22.33,22.13,22.16,18.47,18.45,0.13,0.05,0.07,0.07,0.29,0.35,0.51,0.53,0.51,0.51,0.4,0.4
238134,35.1248,128.0997,0.38,0.22,0.27,0.28,0.58,0.59,25.09,26.42,26.07,26.05,22.17,21.85,0.14,0.05,0.08,0.08,0.28,0.34,0.57,0.61,0.6,0.6,0.46,0.45
238141,35.2403,128.644,0.41,0.26,0.29,0.31,0.63,0.62,21.04,22.24,22.04,21.96,18.11,18.16,0.17,0.07,0.09,0.1,0.33,0.37,0.6,0.63,0.61,0.62,0.47,0.47
238142,35.2115,128.6575,0.39,0.28,0.29,0.29,0.65,0.64,19.4,20.24,20.15,20.15,16.21,16.16,0.15,0.08,0.09,0.09,0.35,0.4,0.49,0.51,0.5,0.5,0.39,0.39
238143,35.1994,128.7111,0.41,0.18,0.21,0.22,0.58,0.61,19.99,21.53,21.4,21.32,17.88,17.41,0.16,0.03,0.04,0.05,0.28,0.35,0.55,0.59,0.59,0.58,0.45,0.47
238144,35.2363,128.684,0.42,0.26,0.28,0.29,0.66,0.67,25.26,26.83,26.68,26.66,21.18,20.66,0.18,0.07,0.08,0.09,0.35,0.42,0.59,0.65,0.64,0.64,0.46,0.45
238146,35.2217,128.6983,0.35,0.25,0.26,0.27,0.63,0.64,24.17,25.05,24.95,24.88,20.28,19.88,0.13,0.06,0.07,0.08,0.32,0.4,0.69,0.7,0.71,0.69,0.52,0.52
238151,35.155,128.6895,0.4,0.25,0.29,0.29,0.61,0.62,18.35,19.39,19.21,19.17,15.94,15.66,0.16,0.06,0.08,0.09,0.32,0.38,0.64,0.71,0.69,0.68,0.51,0.5
238152,35.1831,128.5629,0.4,0.2,0.25,0.26,0.65,0.65,20.55,21.92,21.65,21.59,17.36,17.1,0.16,0.04,0.07,0.07,0.33,0.4,0.46,0.5,0.49,0.48,0.39,0.38
238161,35.0677,127.7514,0.45,0.2,0.31,0.33,0.66,0.66,19.41,21.33,20.72,20.58,16.68,16.45,0.2,0.04,0.1,0.11,0.34,0.4,0.56,0.67,0.61,0.61,0.45,0.44
238162,34.9659,127.7943,0.38,0.16,0.29,0.29,0.61,0.59,20.48,21.86,21.22,21.2,17.84,17.89,0.15,0.03,0.08,0.09,0.29,0.34,0.59,0.66,0.61,0.6,0.45,0.44
238181,35.2369,128.8834,0.4,0.18,0.24,0.24,0.64,0.66,27.64,29.64,29.26,29.3,23.53,22.71,0.16,0.03,0.06,0.06,0.33,0.41,0.58,0.65,0.64,0.65,0.48,0.48
238182,35.2443,128.9118,0.36,0.14,0.2,0.21,0.67,0.66,25.45,27.0,26.7,26.67,20.65,20.53,0.13,0.02,0.04,0.05,0.36,0.44,0.58,0.66,0.64,0.64,0.48,0.48
238183,35.2024,128.8072,0.35,0.2,0.24,0.25,0.63,0.61,22.9,23.91,23.69,23.64,19.21,19.32,0.12,0.04,0.06,0.07,0.32,0.37,0.51,0.52,0.52,0.51,0.41,0.41
238184,35.3078,128.7312,0.36,0.28,0.3,0.31,0.67,0.66,25.14,25.9,25.75,25.67,20.43,20.2,0.13,0.08,0.09,0.1,0.36,0.42,0.59,0.62,0.6,0.6,0.45,0.44
238201,34.8636,128.6903,0.4,0.2,0.23,0.27,0.73,0.71,23.93,25.55,25.39,25.15,18.1,18.42,0.16,0.04,0.06,0.08,0.46,0.49,0.65,0.72,0.72,0.72,0.48,0.51
238203,34.8808,128.6211,0.37,0.22,0.3,0.3,0.68,0.69,27.5,28.84,28.22,28.19,21.89,21.51,0.13,0.05,0.09,0.1,0.39,0.44,0.66,0.72,0.68,0.68,0.48,0.5
238211,35.0828,128.0912,0.37,0.19,0.21,0.21,0.53,0.55,24.82,26.26,26.16,26.19,22.78,22.36,0.14,0.04,0.05,0.05,0.23,0.29,0.52,0.56,0.55,0.55,0.43,0.43
238212,34.9338,128.0933,0.36,0.16,0.22,0.22,0.56,0.55,28.09,29.78,29.39,29.4,25.17,25.18,0.13,0.03,0.05,0.05,0.26,0.3,0.62,0.67,0.65,0.65,0.51,0.53
238361,35.3458,129.041,0.4,0.2,0.22,0.22,0.72,0.71,19.61,20.97,20.9,20.87,15.27,15.13,0.16,0.04,0.05,0.05,0.39,0.44,0.53,0.58,0.58,0.59,0.41,0.4
238362,35.4144,129.172,0.41,0.19,0.22,0.27,0.72,0.68,31.69,34.12,33.93,33.5,24.99,25.45,0.17,0.04,0.05,0.08,0.39,0.44,0.62,0.71,0.71,0.73,0.5,0.51
238363,35.3106,128.9872,0.4,0.21,0.27,0.27,0.65,0.65,23.8,25.4,25.02,25.05,20.01,19.68,0.16,0.04,0.07,0.07,0.34,0.41,0.52,0.58,0.57,0.57,0.42,0.42
238371,35.4381,129.3376,0.38,0.19,0.24,0.26,0.69,0.69,29.54,31.37,31.04,30.9,23.59,23.29,0.15,0.04,0.06,0.07,0.38,0.44,0.58,0.63,0.61,0.63,0.43,0.44
238373,35.4931,129.3059,0.4,0.18,0.25,0.3,0.74,0.77,32.48,34.81,34.27,33.75,24.62,23.02,0.16,0.04,0.07,0.1,0.42,0.5,0.58,0.66,0.64,0.65,0.45,0.45
238374,35.6203,129.358,0.43,0.09,0.2,0.22,0.69,0.69,28.09,30.93,30.45,30.29,23.37,22.77,0.18,0.01,0.04,0.05,0.34,0.41,0.56,0.68,0.65,0.68,0.46,0.47
238375,35.5583,129.1138,0.41,0.18,0.21,0.24,0.72,0.72,26.23,28.28,28.1,27.91,20.35,20.06,0.17,0.03,0.05,0.06,0.41,0.47,0.52,0.57,0.57,0.59,0.39,0.39
238376,35.5679,129.3195,0.44,0.17,0.23,0.25,0.77,0.79,32.97,36.19,35.79,35.52,24.81,23.26,0.19,0.03,0.05,0.07,0.42,0.51,0.61,0.71,0.7,0.73,0.46,0.44
238377,35.4615,129.2091,0.34,0.22,0.22,0.25,0.77,0.77,27.46,28.42,28.42,28.24,19.22,18.89,0.11,0.05,0.05,0.07,0.47,0.52,0.67,0.67,0.68,0.7,0.48,0.48
238378,35.5706,129.2219,0.42,0.23,0.28,0.29,0.73,0.76,28.49,30.59,30.14,30.05,21.93,20.62,0.18,0.05,0.08,0.09,0.42,0.51,0.63,0.7,0.68,0.7,0.48,0.47
238381,35.5088,129.4267,0.35,0.25,0.27,0.29,0.69,0.7,31.78,32.9,32.74,32.52,24.99,24.2,0.12,0.06,0.07,0.09,0.38,0.45,0.54,0.58,0.57,0.6,0.4,0.41
238401,35.4937,128.7542,0.4,0.3,0.34,0.33,0.66,0.64,21.63,22.46,22.2,22.22,18.0,18.1,0.16,0.09,0.12,0.12,0.35,0.39,0.54,0.56,0.55,0.56,0.41,0.42
238411,34.8572,128.4324,0.4,0.21,0.25,0.27,0.69,0.69,26.97,28.72,28.47,28.3,21.51,21.29,0.16,0.05,0.06,0.08,0.39,0.44,0.61,0.65,0.65,0.67,0.46,0.48
238421,34.9745,128.3243,0.41,0.22,0.25,0.25,0.64,0.63,25.49,27.29,27.11,27.08,21.77,21.68,0.17,0.05,0.06,0.07,0.35,0.37,0.55,0.6,0.6,0.61,0.42,0.43
238431,35.6814,127.9179,0.44,0.22,0.24,0.24,0.66,0.65,20.27,22.1,21.99,21.99,17.32,17.17,0.2,0.05,0.06,0.06,0.34,0.4,0.59,0.67,0.66,0.67,0.47,0.46
238441,35.2723,128.4081,0.4,0.24,0.26,0.27,0.62,0.64,20.98,22.22,22.08,22.02,18.13,17.65,0.16,0.06,0.07,0.08,0.32,0.39,0.54,0.58,0.58,0.57,0.41,0.41
238451,35.5203,127.725,0.4,0.15,0.2,0.23,0.67,0.66,21.06,22.69,22.48,22.31,17.41,17.3,0.16,0.02,0.04,0.06,0.34,0.4,0.56,0.62,0.62,0.63,0.46,0.47
238461,34.8319,127.899,0.36,0.14,0.16,0.17,0.64,0.62,24.86,26.38,26.29,26.27,21.01,20.91,0.13,0.02,0.03,0.04,0.3,0.36,0.59,0.64,0.64,0.64,0.47,0.47
238471,35.415,127.8741,0.47,0.15,0.26,0.28,0.6,0.58,21.96,24.58,24.02,23.91,20.22,20.19,0.22,0.02,0.07,0.08,0.28,0.33,0.53,0.69,0.64,0.65,0.48,0.49
238491,35.3158,128.2538,0.35,0.21,0.27,0.27,0.59,0.57,20.92,21.81,21.53,21.53,18.12,18.37,0.12,0.05,0.08,0.08,0.29,0.33,0.59,0.63,0.61,0.61,0.48,0.49
238501,35.5438,128.4905,0.37,0.17,0.23,0.25,0.57,0.55,18.77,19.92,19.65,19.57,16.72,16.9,0.14,0.03,0.06,0.07,0.27,0.31,0.48,0.52,0.5,0.49,0.39,0.39
238511,35.5675,128.1654,0.39,0.16,0.25,0.25,0.59,0.6,22.24,23.82,23.36,23.35,19.8,19.33,0.15,0.03,0.07,0.07,0.27,0.33,0.48,0.54,0.51,0.52,0.4,0.4
324115,35.1458,126.9233,0.43,0.11,0.31,0.33,0.6,0.59,24.97,27.45,26.23,26.1,22.18,22.29,0.18,0.01,0.1,0.11,0.31,0.36,0.52,0.64,0.57,0.56,0.45,0.46
324121,35.1549,126.8885,0.39,0.17,0.3,0.31,0.59,0.59,26.14,27.92,27.01,26.93,23.01,22.96,0.15,0.03,0.09,0.1,0.31,0.37,0.56,0.62,0.58,0.58,0.44,0.45
324124,35.099,126.8961,0.4,-0.0,0.26,0.28,0.57,0.6,29.66,32.33,31.17,31.02,26.88,25.92,0.16,-0.0,0.07,0.08,0.25,0.32,0.56,0.7,0.61,0.61,0.52,0.51
324125,35.1619,126.8442,0.45,0.16,0.33,0.35,0.56,0.55,30.27,33.53,32.05,31.82,28.31,28.42,0.21,0.03,0.11,0.13,0.27,0.33,0.47,0.6,0.51,0.52,0.43,0.43
324133,35.1739,126.9322,0.43,0.12,0.27,0.28,0.62,0.57,26.08,28.65,27.78,27.7,22.95,23.81,0.18,0.02,0.08,0.08,0.31,0.36,0.56,0.68,0.62,0.63,0.47,0.48
324136,35.2181,126.8924,0.46,0.16,0.32,0.33,0.63,0.62,22.72,25.32,24.29,24.21,20.17,20.11,0.22,0.03,0.11,0.12,0.32,0.38,0.5,0.63,0.56,0.56,0.44,0.44
324142,35.2044,126.8078,0.38,0.16,0.29,0.31,0.58,0.56,28.3,30.2,29.29,29.12,25.03,25.38,0.15,0.03,0.09,0.1,0.3,0.34,0.52,0.59,0.55,0.56,0.44,0.44
324143,35.1576,126.8101,0.42,0.13,0.3,0.31,0.53,0.56,28.81,31.49,30.26,30.16,26.91,26.31,0.18,0.02,0.1,0.1,0.28,0.34,0.52,0.66,0.58,0.58,0.46,0.47
324148,35.1238,126.7696,0.39,0.14,0.31,0.33,0.59,0.57,33.3,35.83,34.47,34.15,29.28,29.74,0.15,0.02,0.1,0.11,0.31,0.36,0.55,0.66,0.58,0.58,0.46,0.46
324155,35.1319,126.8933,0.42,0.04,0.27,0.28,0.57,0.57,30.27,33.28,32.12,31.99,27.52,27.32,0.17,0.0,0.08,0.08,0.27,0.34,0.55,0.67,0.59,0.59,0.47,0.46
335115,35.8287,127.148,0.47,0.16,0.35,0.37,0.73,0.71,28.08,31.41,29.75,29.58,22.35,22.46,0.22,0.03,0.13,0.14,0.41,0.45,0.53,0.68,0.58,0.57,0.45,0.44
336111,34.806,126.3916,0.37,0.14,0.32,0.35,0.58,0.58,35.63,37.89,36.26,35.94,31.28,31.2,0.13,0.02,0.11,0.12,0.29,0.34,0.53,0.65,0.56,0.56,0.46,0.47
336112,34.8043,126.4346,0.32,0.11,0.24,0.28,0.53,0.51,32.99,34.63,33.81,33.48,29.79,29.99,0.1,0.01,0.06,0.09,0.23,0.26,0.58,0.64,0.59,0.59,0.5,0.5
336121,34.7411,127.726,0.39,0.17,0.27,0.26,0.62,0.61,28.9,30.91,30.17,30.24,24.89,24.88,0.15,0.03,0.08,0.08,0.31,0.36,0.57,0.64,0.59,0.59,0.44,0.45
336124,34.8502,127.7246,0.39,0.08,0.21,0.22,0.59,0.6,27.06,29.27,28.68,28.66,23.97,23.49,0.15,0.01,0.05,0.05,0.27,0.34,0.52,0.6,0.57,0.57,0.45,0.44
336125,34.7546,127.7029,0.32,0.16,0.24,0.24,0.61,0.61,27.11,28.26,27.8,27.82,22.92,22.71,0.1,0.03,0.06,0.06,0.3,0.36,0.62,0.65,0.62,0.62,0.46,0.47
336127,34.7774,127.6524,0.4,0.11,0.22,0.24,0.65,0.62,24.52,26.65,26.17,26.05,20.58,21.02,0.16,0.01,0.05,0.06,0.34,0.38,0.55,0.62,0.59,0.59,0.43,0.43
336128,34.7539,127.7468,0.32,0.12,0.2,0.19,0.59,0.57,29.94,31.37,30.98,31.04,25.96,26.05,0.1,0.02,0.05,0.05,0.26,0.3,0.67,0.72,0.7,0.69,0.55,0.55
336131,34.9476,127.4891,0.38,0.2,0.25,0.25,0.63,0.62,23.34,24.74,24.44,24.41,19.82,19.84,0.14,0.04,0.06,0.07,0.32,0.36,0.75,0.82,0.81,0.81,0.58,0.59
336132,34.9471,127.5186,0.35,0.18,0.21,0.21,0.6,0.6,22.48,23.61,23.48,23.47,19.5,19.25,0.12,0.03,0.05,0.05,0.28,0.34,0.74,0.78,0.78,0.78,0.57,0.56
336133,34.8855,127.5098,0.3,0.05,0.15,0.17,0.59,0.61,26.76,28.04,27.75,27.65,22.91,22.31,0.09,0.0,0.03,0.04,0.27,0.35,0.63,0.66,0.65,0.66,0.51,0.5
336134,34.8935,127.573,0.35,0.15,0.22,0.24,0.58,0.6,30.68,32.37,31.9,31.78,26.91,26.18,0.12,0.02,0.05,0.06,0.28,0.34,0.74,0.79,0.75,0.75,0.6,0.59
336135,34.9364,127.5484,0.35,0.2,0.21,0.22,0.59,0.6,26.91,28.2,28.13,28.03,23.5,23.0,0.12,0.04,0.05,0.06,0.27,0.35,1.11,1.16,1.18,1.18,0.84,0.82
336141,35.0217,126.7904,0.34,0.13,0.26,0.27,0.57,0.58,26.73,28.24,27.48,27.39,23.51,23.3,0.12,0.02,0.07,0.08,0.27,0.32,0.53,0.58,0.56,0.56,0.45,0.45
336151,35.321,126.9882,0.44,0.12,0.23,0.25,0.59,0.55,31.72,35.12,34.41,34.26,28.91,29.59,0.2,0.02,0.06,0.07,0.28,0.34,0.6,0.74,0.73,0.73,0.55,0.53
336161,35.3032,126.7854,0.38,0.11,0.29,0.29,0.62,0.61,29.09,31.3,30.15,30.17,24.9,24.96,0.15,0.01,0.09,0.09,0.31,0.34,0.64,0.76,0.68,0.69,0.54,0.55
336221,34.6857,127.5975,0.32,0.13,0.12,0.12,0.09,0.09,30.23,31.66,31.68,31.68,34.03,34.12,0.1,0.02,0.02,0.02,0.04,0.04,0.75,0.75,0.76,0.76,0.8,0.79
336222,34.8819,127.5788,0.33,0.14,0.24,0.26,0.62,0.6,29.5,30.97,30.33,30.17,24.87,24.93,0.11,0.02,0.06,0.07,0.3,0.37,0.6,0.63,0.59,0.59,0.47,0.48
336223,34.825,127.7318,0.4,0.06,0.34,0.33,0.65,0.63,29.57,32.24,30.42,30.49,24.87,24.98,0.16,0.0,0.12,0.12,0.34,0.38,0.61,0.73,0.59,0.58,0.43,0.43
336352,34.9399,127.6977,0.4,0.23,0.28,0.28,0.57,0.57,29.49,31.36,30.9,30.97,26.63,26.52,0.16,0.05,0.08,0.08,0.27,0.32,0.54,0.6,0.57,0.57,0.42,0.43
336353,34.9419,127.7571,0.48,0.2,0.35,0.37,0.7,0.69,29.24,32.56,31.13,30.93,24.32,24.07,0.23,0.04,0.13,0.14,0.37,0.46,0.78,1.01,0.9,0.91,0.6,0.56
336355,34.9808,127.5823,0.43,0.16,0.24,0.24,0.6,0.56,18.65,20.34,20.01,20.02,16.7,17.1,0.18,0.03,0.06,0.06,0.29,0.32,0.51,0.59,0.56,0.56,0.43,0.44
336361,34.5652,126.5992,0.36,0.14,0.26,0.3,0.6,0.58,31.81,33.75,32.93,32.53,27.35,27.72,0.13,0.02,0.07,0.09,0.32,0.36,0.7,0.83,0.75,0.73,0.55,0.57
336441,34.7574,126.4527,0.34,0.09,0.28,0.3,0.61,0.58,33.58,35.56,34.26,34.08,28.53,29.03,0.11,0.01,0.08,0.09,0.31,0.34,0.47,0.54,0.5,0.5,0.38,0.39
336442,34.8075,126.7006,0.38,0.07,0.27,0.3,0.59,0.56,31.26,33.78,32.55,32.28,27.66,28.13,0.15,0.01,0.08,0.09,0.28,0.34,0.51,0.61,0.53,0.54,0.44,0.45
336452,35.0653,126.9859,0.38,0.05,0.19,0.23,0.61,0.56,26.21,28.27,27.76,27.54,22.79,23.5,0.14,0.0,0.04,0.06,0.29,0.31,0.55,0.66,0.63,0.62,0.5,0.49
336461,35.278,126.512,0.37,0.11,0.31,0.32,0.57,0.59,29.67,31.8,30.46,30.36,26.43,25.81,0.14,0.01,0.1,0.11,0.27,0.35,0.5,0.56,0.52,0.52,0.4,0.41
336471,34.675,126.9067,0.36,0.11,0.21,0.25,0.61,0.59,32.2,34.38,33.81,33.52,27.94,27.87,0.13,0.01,0.05,0.07,0.28,0.35,0.6,0.68,0.67,0.67,0.51,0.51
336481,34.4793,126.2688,0.4,0.05,0.25,0.32,0.66,0.67,29.72,32.4,31.38,30.69,24.87,24.07,0.16,0.0,0.07,0.11,0.33,0.41,0.48,0.61,0.54,0.51,0.39,0.39
336491,34.3344,126.8286,0.38,0.08,0.1,0.1,0.13,0.12,37.5,40.42,40.35,40.35,41.72,41.99,0.15,0.01,0.01,0.01,0.05,0.05,0.58,0.69,0.69,0.69,0.7,0.7
336501,35.0621,126.5228,0.36,0.11,0.27,0.3,0.54,0.51,30.17,32.13,31.15,30.86,27.43,27.82,0.13,0.01,0.08,0.1,0.24,0.28,0.53,0.59,0.56,0.55,0.45,0.47
336511,34.6063,127.2807,0.37,0.14,0.2,0.23,0.68,0.68,28.39,30.26,29.95,29.71,23.03,22.66,0.14,0.02,0.04,0.06,0.34,0.4,0.62,0.69,0.68,0.68,0.5,0.49
336521,34.7555,126.1261,0.37,0.14,0.14,0.14,0.09,0.05,28.69,30.55,30.55,30.55,32.35,33.34,0.14,0.02,0.02,0.02,0.04,0.02,0.58,0.63,0.63,0.63,0.66,0.69
336531,34.9905,126.4765,0.34,0.13,0.29,0.31,0.59,0.56,30.23,31.87,30.74,30.59,26.28,26.63,0.12,0.02,0.09,0.1,0.28,0.32,0.5,0.54,0.51,0.51,0.39,0.42
336541,34.6446,126.7707,0.28,0.19,0.21,0.23,0.62,0.62,22.78,23.31,23.2,23.1,18.78,18.71,0.08,0.04,0.05,0.06,0.32,0.37,0.54,0.55,0.55,0.55,0.44,0.44
336551,35.2833,127.2899,0.38,0.08,0.26,0.3,0.62,0.62,26.08,28.1,27.2,26.88,22.37,22.06,0.14,0.01,0.07,0.1,0.31,0.37,0.58,0.67,0.62,0.62,0.49,0.47
336561,35.2157,127.461,0.42,0.06,0.23,0.27,0.62,0.61,28.65,31.58,30.79,30.46,25.18,25.19,0.18,0.0,0.06,0.08,0.3,0.35,0.59,0.73,0.69,0.69,0.53,0.53
336571,34.8415,127.347,0.38,0.18,0.24,0.26,0.57,0.56,27.01,28.67,28.31,28.15,24.15,24.18,0.14,0.03,0.06,0.07,0.26,0.31,0.6,0.65,0.64,0.64,0.52,0.53
336572,34.7649,127.0782,0.42,0.17,0.29,0.31,0.6,0.6,28.59,30.98,30.09,29.88,25.23,25.25,0.17,0.03,0.09,0.1,0.31,0.36,0.54,0.67,0.61,0.61,0.48,0.48
339111,33.5001,126.5324,0.4,0.17,0.36,0.42,0.58,0.5,37.71,40.58,38.33,37.37,33.57,36.6,0.16,0.03,0.14,0.18,0.31,0.34,0.47,0.65,0.53,0.52,0.37,0.4
339112,33.4886,126.5001,0.4,0.12,0.35,0.4,0.58,0.58,39.41,42.63,40.14,39.37,35.17,35.0,0.16,0.02,0.13,0.16,0.29,0.34,0.48,0.65,0.54,0.54,0.39,0.41
339113,33.5379,126.6424,0.33,0.11,0.3,0.33,0.58,0.56,49.23,51.9,49.87,49.22,43.05,43.2,0.11,0.01,0.1,0.12,0.26,0.33,0.59,0.76,0.68,0.68,0.44,0.47
339114,33.4094,126.2681,0.38,0.07,0.33,0.41,0.63,0.7,38.61,41.66,39.47,38.16,32.8,29.97,0.14,0.01,0.11,0.17,0.32,0.43,0.48,0.62,0.55,0.56,0.37,0.37
339121,33.2465,126.5653,0.43,0.06,0.33,0.42,0.7,0.69,31.51,34.85,32.93,31.73,25.25,25.37,0.18,0.0,0.11,0.18,0.41,0.48,0.53,0.67,0.62,0.62,0.46,0.46
339122,33.4602,126.9101,0.38,0.12,0.31,0.37,0.68,0.7,40.13,43.1,41.25,40.25,32.22,31.1,0.15,0.02,0.1,0.15,0.39,0.46,0.52,0.66,0.62,0.61,0.37,0.39
339123,33.2843,126.7149,0.4,0.11,0.32,0.38,0.68,0.66,33.62,36.47,34.69,33.92,27.04,27.42,0.16,0.01,0.11,0.15,0.4,0.45,0.62,0.83,0.7,0.7,0.48,0.49
339131,33.2279,126.2475,0.42,0.11,0.34,0.42,0.7,0.7,31.63,34.56,32.72,31.56,25.3,25.04,0.17,0.02,0.12,0.19,0.39,0.44,0.55,0.69,0.64,0.61,0.43,0.44
422114,35.8743,128.5841,0.38,0.21,0.25,0.27,0.67,0.66,28.66,30.27,29.96,29.82,23.41,23.33,0.14,0.04,0.07,0.08,0.35,0.41,0.56,0.6,0.59,0.59,0.41,0.41
422115,35.8305,128.6316,0.44,0.12,0.24,0.25,0.69,0.68,26.36,29.09,28.44,28.37,21.76,21.5,0.19,0.02,0.06,0.07,0.36,0.43,0.56,0.71,0.66,0.66,0.44,0.44
422121,35.8691,128.711,0.41,0.14,0.23,0.23,0.65,0.62,29.93,32.51,31.94,31.92,25.46,25.74,0.17,0.02,0.05,0.06,0.33,0.39,0.56,0.67,0.63,0.64,0.45,0.45
422132,35.8696,128.5453,0.39,0.2,0.23,0.26,0.63,0.65,29.79,31.67,31.45,31.25,25.29,24.56,0.15,0.04,0.06,0.07,0.33,0.41,0.65,0.7,0.7,0.69,0.46,0.46
422141,35.8455,128.5711,0.4,0.12,0.18,0.21,0.67,0.65,28.63,30.98,30.71,30.55,23.62,23.75,0.16,0.02,0.04,0.05,0.36,0.42,0.58,0.67,0.66,0.66,0.43,0.44
422154,35.8898,128.6331,0.38,0.19,0.27,0.29,0.66,0.66,28.75,30.56,29.94,29.77,23.81,23.49,0.15,0.04,0.08,0.09,0.34,0.41,0.58,0.65,0.62,0.61,0.43,0.42
422155,35.923,128.5507,0.44,0.18,0.26,0.27,0.67,0.68,29.62,32.38,31.83,31.68,25.01,24.34,0.19,0.03,0.07,0.08,0.35,0.43,0.59,0.75,0.71,0.72,0.49,0.49
422158,35.8933,128.6021,0.36,0.22,0.27,0.29,0.69,0.68,31.27,32.68,32.23,32.06,24.86,24.74,0.13,0.05,0.08,0.09,0.37,0.43,0.72,0.75,0.74,0.73,0.5,0.49
422161,35.8653,128.64,0.38,0.2,0.26,0.26,0.67,0.66,28.62,30.38,29.93,29.9,23.34,23.28,0.15,0.04,0.07,0.07,0.36,0.42,0.55,0.61,0.59,0.59,0.41,0.41
422171,35.8379,128.4887,0.43,0.21,0.28,0.29,0.63,0.65,28.52,30.95,30.42,30.33,25.0,24.2,0.19,0.05,0.08,0.09,0.31,0.39,0.56,0.64,0.62,0.63,0.47,0.46
422201,35.7,128.46,0.45,0.18,0.25,0.27,0.65,0.65,24.87,27.39,26.97,26.84,21.4,21.28,0.2,0.03,0.07,0.08,0.35,0.41,0.59,0.7,0.69,0.68,0.47,0.47
422203,35.8376,128.6976,0.41,0.24,0.28,0.28,0.66,0.66,26.68,28.37,28.06,28.05,22.25,21.9,0.16,0.06,0.08,0.08,0.35,0.41,0.55,0.6,0.59,0.59,0.42,0.41
422204,35.8167,128.5287,0.38,0.11,0.16,0.2,0.6,0.58,27.23,29.29,29.11,28.89,23.6,23.9,0.15,0.01,0.03,0.05,0.31,0.35,0.56,0.64,0.63,0.62,0.43,0.43
422205,35.8649,128.4572,0.45,0.23,0.28,0.29,0.63,0.62,26.5,28.89,28.49,28.35,23.3,23.21,0.2,0.05,0.08,0.09,0.33,0.38,0.59,0.68,0.66,0.66,0.49,0.49
422206,35.8344,128.5411,0.41,0.15,0.24,0.26,0.66,0.65,28.93,31.32,30.79,30.64,24.11,24.1,0.17,0.02,0.06,0.07,0.36,0.42,0.56,0.64,0.62,0.61,0.42,0.42
422207,35.859,128.5519,0.36,0.19,0.25,0.27,0.67,0.65,29.74,31.28,30.92,30.72,23.83,24.21,0.13,0.04,0.06,0.08,0.38,0.42,0.68,0.72,0.71,0.69,0.45,0.46
422208,35.8876,128.5844,0.37,0.21,0.27,0.29,0.68,0.67,29.27,30.81,30.32,30.15,23.54,23.49,0.14,0.05,0.08,0.09,0.38,0.44,0.65,0.69,0.68,0.68,0.47,0.46
422209,35.7973,128.505,0.42,0.13,0.18,0.23,0.68,0.64,26.24,28.67,28.44,28.16,21.67,22.24,0.18,0.02,0.04,0.06,0.36,0.39,0.59,0.71,0.7,0.69,0.45,0.45
437112,35.9802,129.3748,0.39,0.23,0.28,0.29,0.7,0.7,31.91,33.78,33.34,33.23,25.6,25.06,0.15,0.05,0.08,0.09,0.36,0.43,0.53,0.57,0.56,0.57,0.41,0.41
437113,36.0707,129.3803,0.43,0.2,0.27,0.28,0.75,0.74,33.53,36.41,35.82,35.71,25.54,25.11,0.18,0.04,0.07,0.09,0.43,0.52,0.54,0.61,0.6,0.63,0.41,0.4
437114,36.0188,129.3658,0.38,0.23,0.26,0.27,0.78,0.76,33.02,34.72,34.41,34.32,23.54,23.33,0.14,0.05,0.07,0.08,0.44,0.52,0.53,0.56,0.55,0.57,0.39,0.39
437115,35.9684,129.36,0.34,0.19,0.21,0.26,0.75,0.74,33.62,35.18,34.97,34.62,24.64,24.23,0.12,0.04,0.05,0.07,0.41,0.48,0.62,0.65,0.66,0.67,0.49,0.48
437116,35.9631,129.3768,0.42,0.14,0.2,0.26,0.77,0.76,36.33,39.56,39.13,38.64,26.75,26.3,0.17,0.02,0.04,0.07,0.44,0.49,0.44,0.54,0.52,0.52,0.37,0.37
437117,36.0301,129.3756,0.39,0.22,0.27,0.29,0.77,0.77,36.83,38.96,38.45,38.27,26.86,25.93,0.15,0.05,0.07,0.09,0.43,0.51,0.54,0.59,0.58,0.6,0.41,0.41
437118,35.9668,129.4087,0.35,0.19,0.22,0.22,0.77,0.8,35.37,37.09,36.84,36.85,26.32,23.41,0.12,0.04,0.05,0.05,0.38,0.51,0.52,0.54,0.54,0.55,0.4,0.4
437119,35.9974,129.4054,0.34,0.17,0.23,0.22,0.63,0.65,37.69,39.48,39.03,39.13,31.64,30.72,0.12,0.03,0.06,0.06,0.31,0.35,0.44,0.47,0.47,0.48,0.34,0.35
437120,35.9963,129.3522,0.39,0.24,0.28,0.32,0.76,0.77,33.12,34.87,34.51,34.12,24.86,23.36,0.15,0.06,0.08,0.11,0.4,0.51,0.49,0.52,0.51,0.52,0.37,0.38
437121,35.99,129.3977,0.43,0.25,0.27,0.29,0.68,0.64,26.87,28.75,28.59,28.45,21.95,22.79,0.18,0.06,0.08,0.09,0.39,0.44,0.51,0.54,0.54,0.53,0.39,0.4
437122,35.8507,129.2076,0.38,0.2,0.21,0.23,0.68,0.67,26.43,28.05,27.98,27.84,21.5,21.25,0.15,0.04,0.05,0.06,0.35,0.41,0.51,0.57,0.57,0.58,0.41,0.42
437123,35.8351,129.287,0.41,0.11,0.21,0.22,0.61,0.65,29.12,31.67,31.17,31.13,25.92,24.67,0.17,0.01,0.05,0.05,0.26,0.33,0.82,1.02,0.94,0.97,0.69,0.66
437124,35.9907,129.227,0.42,0.18,0.25,0.25,0.73,0.75,33.23,36.02,35.38,35.42,25.83,24.3,0.17,0.03,0.07,0.07,0.4,0.49,0.74,0.88,0.85,0.88,0.58,0.56
437125,35.7157,129.3236,0.4,0.14,0.22,0.21,0.71,0.69,29.44,31.82,31.39,31.42,23.66,23.45,0.16,0.02,0.05,0.05,0.36,0.42,0.54,0.65,0.63,0.64,0.44,0.43
437131,36.1206,128.1161,0.4,0.15,0.23,0.23,0.67,0.64,27.43,29.53,29.11,29.09,22.36,22.99,0.16,0.02,0.05,0.06,0.37,0.42,0.56,0.68,0.65,0.66,0.46,0.46
437132,36.1441,128.1372,0.37,0.15,0.17,0.18,0.67,0.65,29.8,31.79,31.66,31.6,24.22,24.36,0.14,0.02,0.03,0.04,0.36,0.41,0.52,0.57,0.57,0.57,0.41,0.42
437133,36.1215,128.1839,0.4,0.13,0.22,0.22,0.69,0.7,28.9,31.31,30.83,30.84,23.39,22.76,0.16,0.02,0.05,0.05,0.38,0.45,0.44,0.51,0.5,0.5,0.36,0.36
437141,36.5683,128.728,0.42,0.16,0.24,0.24,0.73,0.69,27.93,30.43,29.91,29.94,21.74,22.37,0.18,0.03,0.07,0.07,0.4,0.45,0.49,0.58,0.56,0.56,0.4,0.41
437151,36.1019,128.3858,0.4,0.22,0.29,0.29,0.59,0.6,26.44,28.16,27.61,27.57,23.46,23.08,0.16,0.05,0.09,0.09,0.28,0.34,0.49,0.54,0.52,0.52,0.4,0.4
437152,36.1308,128.3258,0.42,0.2,0.27,0.27,0.66,0.66,30.95,33.46,32.89,32.85,25.9,25.74,0.18,0.04,0.07,0.08,0.37,0.43,0.51,0.6,0.58,0.58,0.42,0.42
437153,36.1108,128.3386,0.38,0.2,0.25,0.26,0.63,0.66,27.03,28.63,28.31,28.27,22.94,22.02,0.15,0.04,0.06,0.07,0.32,0.4,0.46,0.5,0.49,0.49,0.36,0.36
437154,36.1372,128.4394,0.4,0.21,0.29,0.29,0.67,0.66,28.0,29.84,29.24,29.16,22.99,22.85,0.16,0.04,0.08,0.09,0.36,0.42,0.54,0.59,0.57,0.57,0.42,0.42
437156,36.1061,128.4188,0.37,0.19,0.22,0.23,0.62,0.65,29.88,31.61,31.4,31.33,25.62,24.66,0.14,0.04,0.05,0.06,0.3,0.38,0.53,0.57,0.57,0.56,0.4,0.4
437161,36.8212,128.6132,0.35,0.2,0.27,0.27,0.69,0.67,30.15,31.52,30.99,30.99,23.67,23.89,0.12,0.04,0.07,0.08,0.39,0.41,0.44,0.46,0.44,0.44,0.33,0.34
437162,36.8287,128.6262,0.36,0.19,0.26,0.26,0.68,0.69,30.24,31.81,31.3,31.29,24.1,23.6,0.13,0.04,0.07,0.07,0.38,0.43,0.46,0.5,0.48,0.47,0.35,0.35
437171,35.825,128.7433,0.44,0.19,0.27,0.28,0.69,0.67,30.88,33.78,33.14,33.08,25.46,25.59,0.19,0.04,0.07,0.08,0.38,0.42,0.59,0.68,0.65,0.66,0.48,0.47
437172,35.9126,128.8145,0.36,0.26,0.31,0.32,0.69,0.68,29.79,30.83,30.31,30.21,23.62,23.35,0.13,0.07,0.1,0.11,0.37,0.43,0.6,0.6,0.57,0.57,0.42,0.42
437181,36.4289,128.1578,0.4,0.17,0.21,0.21,0.63,0.62,29.41,31.66,31.37,31.4,25.08,25.17,0.16,0.03,0.05,0.05,0.33,0.38,0.59,0.69,0.68,0.68,0.47,0.48
437191,35.9907,128.4185,0.39,0.18,0.23,0.24,0.69,0.69,29.83,31.84,31.5,31.45,24.03,23.57,0.15,0.03,0.06,0.06,0.37,0.44,0.55,0.61,0.6,0.6,0.41,0.41
437201,36.4201,129.3638,0.43,0.23,0.3,0.3,0.73,0.72,24.85,26.84,26.26,26.26,19.48,19.29,0.19,0.05,0.09,0.09,0.4,0.47,0.77,0.91,0.86,0.86,0.63,0.63
437203,36.5375,129.4072,0.43,0.23,0.28,0.28,0.71,0.7,27.35,29.48,29.14,29.12,22.2,21.69,0.19,0.06,0.08,0.08,0.36,0.44,0.59,0.69,0.67,0.68,0.51,0.52
437211,36.5868,128.1862,0.42,0.22,0.28,0.27,0.69,0.68,28.22,30.33,29.89,29.92,22.8,22.89,0.18,0.05,0.08,0.08,0.4,0.45,0.68,0.8,0.77,0.78,0.51,0.51
437221,35.9175,128.2901,0.39,0.2,0.27,0.28,0.65,0.64,24.92,26.47,26.02,25.93,20.67,20.67,0.15,0.04,0.08,0.08,0.35,0.41,0.47,0.49,0.48,0.48,0.36,0.37
437402,35.9729,128.9378,0.4,0.18,0.23,0.23,0.73,0.7,30.97,33.23,32.84,32.85,24.13,24.31,0.16,0.03,0.06,0.06,0.38,0.43,0.71,0.77,0.76,0.78,0.54,0.53
437412,36.3527,128.697,0.4,0.14,0.21,0.22,0.69,0.68,26.91,29.12,28.73,28.7,21.68,21.66,0.16,0.02,0.05,0.05,0.38,0.43,0.62,0.7,0.7,0.71,0.51,0.5
437421,36.9972,129.4029,0.38,0.25,0.28,0.28,0.6,0.57,36.42,38.22,37.86,37.82,31.98,32.46,0.15,0.06,0.08,0.08,0.28,0.32,0.62,0.69,0.68,0.68,0.48,0.51
437431,37.0486,129.0653,0.45,0.15,0.22,0.23,0.68,0.66,23.21,25.68,25.35,25.27,19.75,19.7,0.2,0.02,0.05,0.06,0.33,0.38,0.59,0.76,0.72,0.71,0.51,0.51
437432,36.8927,128.7316,0.48,0.2,0.28,0.34,0.74,0.74,15.84,17.75,17.38,17.03,12.41,12.28,0.23,0.04,0.09,0.13,0.46,0.52,0.63,0.73,0.71,0.71,0.51,0.51
437542,37.4841,130.9056,0.35,0.06,0.11,0.11,0.44,0.4,47.06,50.08,49.92,49.92,45.12,46.8,0.12,0.0,0.01,0.01,0.21,0.24,0.71,1.01,1.03,1.03,0.87,0.9
437551,35.7262,128.2817,0.44,0.19,0.28,0.29,0.62,0.61,21.81,23.79,23.28,23.24,19.19,19.19,0.19,0.04,0.08,0.09,0.31,0.34,0.45,0.51,0.49,0.49,0.38,0.38
437561,36.2379,128.5746,0.5,0.13,0.24,0.23,0.71,0.71,31.63,36.26,35.53,35.58,26.3,25.93,0.25,0.02,0.06,0.06,0.41,0.5,0.63,0.86,0.84,0.86,0.54,0.52
437571,36.6667,129.1124,0.43,0.16,0.24,0.24,0.7,0.69,25.27,27.62,27.17,27.17,20.76,20.36,0.18,0.03,0.06,0.06,0.35,0.41,0.64,0.76,0.74,0.73,0.54,0.54
437581,36.5768,128.4732,0.4,0.22,0.28,0.28,0.65,0.64,28.29,30.11,29.65,29.6,23.72,23.6,0.16,0.05,0.08,0.08,0.36,0.41,0.52,0.56,0.56,0.57,0.42,0.43
437591,35.6498,128.7063,0.42,0.12,0.17,0.18,0.66,0.65,25.16,27.47,27.25,27.2,21.35,20.97,0.17,0.02,0.03,0.04,0.32,0.39,0.87,1.03,1.0,1.0,0.63,0.62
525111,36.3728,127.4172,0.46,0.18,0.34,0.34,0.61,0.6,28.3,31.38,29.96,29.97,25.38,25.57,0.21,0.03,0.12,0.12,0.31,0.36,0.61,0.8,0.72,0.71,0.54,0.54
525112,36.4469,127.4047,0.47,0.14,0.34,0.34,0.63,0.58,28.37,31.81,30.25,30.21,25.28,26.25,0.22,0.02,0.12,0.12,0.33,0.36,0.49,0.65,0.56,0.56,0.41,0.41
525121,36.3161,127.4378,0.43,0.13,0.26,0.27,0.61,0.58,23.36,25.66,24.97,24.89,20.58,21.08,0.18,0.02,0.07,0.08,0.32,0.35,0.52,0.65,0.59,0.6,0.46,0.47
525141,36.3724,127.3739,0.46,0.16,0.35,0.36,0.66,0.63,27.3,30.35,28.8,28.69,23.35,23.9,0.21,0.03,0.13,0.13,0.36,0.39,0.55,0.69,0.6,0.61,0.47,0.47
525142,36.3682,127.3185,0.45,0.16,0.31,0.32,0.66,0.6,27.81,30.74,29.57,29.49,23.82,24.83,0.2,0.03,0.1,0.11,0.34,0.35,0.54,0.67,0.61,0.62,0.46,0.46
525143,36.3352,127.3345,0.5,0.2,0.38,0.39,0.64,0.62,22.71,25.75,24.31,24.18,20.27,20.56,0.25,0.04,0.15,0.16,0.35,0.39,0.53,0.69,0.59,0.6,0.48,0.47
525144,36.4252,127.3959,0.5,0.15,0.38,0.38,0.6,0.59,26.43,30.13,28.24,28.14,24.6,24.66,0.25,0.02,0.14,0.15,0.31,0.35,0.5,0.72,0.58,0.58,0.44,0.45
525161,36.3444,127.4372,0.47,0.17,0.33,0.33,0.64,0.61,29.56,32.94,31.58,31.55,26.18,26.44,0.22,0.03,0.11,0.11,0.32,0.36,0.57,0.78,0.65,0.67,0.49,0.5
525162,36.3025,127.4601,0.49,0.14,0.33,0.33,0.68,0.66,25.35,28.7,27.38,27.35,21.55,21.82,0.24,0.02,0.11,0.12,0.38,0.41,0.6,0.84,0.72,0.73,0.57,0.56
525171,36.3045,127.3667,0.46,0.12,0.36,0.37,0.68,0.65,25.21,28.15,26.45,26.32,21.08,21.58,0.21,0.02,0.13,0.14,0.38,0.41,0.89,1.23,0.89,0.9,0.78,0.76
525172,36.3544,127.3835,0.35,0.17,0.25,0.26,0.59,0.56,29.8,31.38,30.85,30.74,25.88,26.46,0.12,0.03,0.07,0.07,0.28,0.32,0.73,0.85,0.78,0.8,0.66,0.66
533112,36.6447,127.4368,0.44,0.25,0.39,0.39,0.65,0.62,33.31,36.0,34.24,34.22,28.38,29.12,0.2,0.06,0.16,0.16,0.37,0.43,0.54,0.64,0.57,0.57,0.44,0.44
533113,36.6661,127.4749,0.46,0.25,0.37,0.37,0.71,0.66,30.08,32.9,31.49,31.52,24.51,25.48,0.22,0.06,0.14,0.14,0.4,0.44,0.51,0.64,0.55,0.55,0.41,0.42
533114,36.6358,127.5036,0.52,0.28,0.4,0.4,0.68,0.66,20.83,23.47,22.37,22.36,18.18,18.43,0.27,0.08,0.17,0.17,0.38,0.44,0.5,0.65,0.58,0.57,0.43,0.42
533115,36.6088,127.5013,0.46,0.18,0.37,0.37,0.67,0.63,32.57,36.01,33.96,34.07,27.69,28.39,0.21,0.03,0.14,0.14,0.36,0.41,0.51,0.68,0.55,0.56,0.44,0.45
534111,36.8143,127.1521,0.39,0.2,0.32,0.32,0.68,0.65,30.38,32.35,31.31,31.29,24.69,25.2,0.15,0.04,0.1,0.11,0.36,0.41,0.44,0.51,0.45,0.46,0.35,0.36
534112,36.8251,127.1106,0.49,0.18,0.31,0.33,0.73,0.69,33.11,37.43,36.12,35.87,26.9,27.49,0.24,0.03,0.1,0.12,0.41,0.45,0.5,0.65,0.57,0.57,0.42,0.41
534115,36.8834,127.2074,0.43,0.17,0.36,0.36,0.7,0.7,36.26,39.68,37.61,37.62,28.94,28.81,0.19,0.03,0.13,0.13,0.42,0.48,0.54,0.7,0.59,0.59,0.45,0.44
534116,36.7844,127.1229,0.39,0.19,0.3,0.31,0.66,0.66,33.43,35.68,34.68,34.56,27.83,27.33,0.15,0.04,0.09,0.1,0.34,0.4,0.46,0.52,0.48,0.48,0.37,0.37
534342,36.447,127.1192,0.44,0.14,0.28,0.3,0.67,0.65,29.89,32.89,31.88,31.68,24.96,25.34,0.19,0.02,0.08,0.09,0.36,0.4,0.52,0.64,0.58,0.59,0.44,0.45
534343,36.3086,127.0671,0.41,0.15,0.27,0.29,0.69,0.66,31.58,34.18,33.27,33.1,25.42,26.13,0.17,0.02,0.08,0.09,0.39,0.42,0.55,0.64,0.6,0.6,0.45,0.46
534411,36.2755,126.9113,0.4,0.18,0.31,0.34,0.62,0.61,29.36,31.51,30.47,30.2,25.42,25.34,0.16,0.04,0.1,0.12,0.32,0.37,0.59,0.67,0.63,0.62,0.52,0.52
534421,36.9897,126.3853,0.36,0.14,0.29,0.31,0.64,0.64,32.25,34.22,33.07,32.9,27.28,26.68,0.13,0.02,0.09,0.1,0.3,0.37,0.47,0.54,0.49,0.49,0.37,0.38
534422,36.7799,126.4561,0.41,0.11,0.29,0.32,0.67,0.6,34.39,37.45,36.05,35.69,28.68,30.01,0.17,0.01,0.09,0.11,0.33,0.36,0.51,0.62,0.54,0.54,0.41,0.43
534423,36.938,126.4339,0.39,0.15,0.3,0.32,0.66,0.66,28.57,30.64,29.61,29.37,23.7,23.34,0.15,0.02,0.09,0.11,0.34,0.41,0.48,0.55,0.5,0.51,0.38,0.39
534424,36.8391,126.4609,0.41,0.12,0.32,0.34,0.67,0.65,34.08,37.01,35.28,35.11,28.19,28.22,0.16,0.02,0.11,0.12,0.35,0.41,0.69,0.87,0.72,0.71,0.55,0.56
534433,36.9765,126.7164,0.41,0.1,0.26,0.38,0.72,0.69,41.73,45.56,44.17,42.44,32.92,33.05,0.17,0.01,0.07,0.14,0.39,0.45,0.53,0.63,0.58,0.53,0.41,0.4
534434,36.8899,126.6458,0.39,0.13,0.27,0.3,0.63,0.63,35.91,38.65,37.53,37.21,30.83,30.36,0.15,0.02,0.08,0.09,0.31,0.36,0.52,0.58,0.53,0.52,0.4,0.4
534441,36.7829,127.0145,0.43,0.23,0.34,0.35,0.69,0.67,30.35,32.83,31.72,31.62,24.75,25.05,0.19,0.05,0.12,0.13,0.38,0.43,0.45,0.53,0.48,0.48,0.38,0.37
534442,36.7738,127.0539,0.43,0.19,0.32,0.33,0.69,0.67,35.14,38.16,36.85,36.69,28.72,28.93,0.18,0.04,0.11,0.12,0.37,0.42,0.42,0.49,0.45,0.45,0.35,0.35
534443,36.7625,126.8887,0.4,0.17,0.33,0.34,0.67,0.65,32.76,35.18,33.74,33.62,26.99,27.3,0.16,0.03,0.11,0.12,0.35,0.38,0.5,0.57,0.51,0.51,0.41,0.41
534444,36.9143,127.0596,0.39,0.24,0.32,0.32,0.66,0.64,32.9,34.64,33.8,33.8,27.14,27.47,0.15,0.06,0.11,0.11,0.35,0.4,0.5,0.55,0.51,0.51,0.39,0.39
534445,36.8734,126.8798,0.41,0.17,0.32,0.32,0.68,0.67,35.98,38.94,37.4,37.36,29.48,29.22,0.17,0.03,0.11,0.11,0.37,0.42,0.51,0.58,0.53,0.53,0.42,0.42
534451,36.1994,127.0871,0.46,0.26,0.42,0.42,0.71,0.69,28.23,30.77,28.91,28.86,22.59,22.96,0.21,0.07,0.18,0.18,0.43,0.48,0.55,0.66,0.58,0.59,0.47,0.47
534452,36.1251,127.0991,0.48,0.2,0.38,0.38,0.73,0.72,27.51,30.67,29.0,28.91,21.8,21.72,0.23,0.04,0.15,0.15,0.44,0.49,0.6,0.76,0.65,0.66,0.49,0.48
534453,36.2154,127.0439,0.44,0.28,0.42,0.42,0.73,0.71,31.26,33.48,31.68,31.64,24.26,24.65,0.2,0.08,0.18,0.18,0.45,0.49,0.79,0.95,0.8,0.81,0.58,0.58
534462,36.8697,126.2805,0.35,0.1,0.25,0.27,0.7,0.7,33.7,35.76,34.75,34.59,26.59,25.76,0.12,0.01,0.07,0.08,0.35,0.44,0.51,0.59,0.53,0.53,0.4,0.41
534463,36.7467,126.3015,0.45,0.11,0.34,0.35,0.72,0.71,35.81,39.97,37.77,37.59,29.0,28.61,0.21,0.01,0.12,0.13,0.38,0.45,0.57,0.74,0.62,0.63,0.48,0.5
534465,36.8242,126.2572,0.41,0.1,0.31,0.33,0.7,0.69,31.05,33.88,32.4,32.1,25.0,24.54,0.17,0.01,0.1,0.12,0.37,0.45,0.59,0.74,0.6,0.61,0.44,0.45
534471,36.6774,126.8489,0.4,0.18,0.33,0.34,0.72,0.7,28.05,30.13,28.89,28.85,21.85,21.87,0.16,0.04,0.11,0.12,0.4,0.45,0.54,0.63,0.54,0.55,0.43,0.44
534472,36.6881,126.7392,0.39,0.19,0.32,0.33,0.67,0.67,33.8,36.05,34.73,34.68,27.6,27.28,0.15,0.04,0.11,0.11,0.37,0.41,0.6,0.67,0.6,0.59,0.47,0.46
534481,36.3531,126.5897,0.43,0.16,0.31,0.34,0.64,0.64,31.41,34.29,32.96,32.69,26.95,26.71,0.18,0.03,0.1,0.12,0.33,0.4,0.6,0.73,0.66,0.66,0.51,0.5
534482,36.3908,126.5693,0.45,0.26,0.39,0.41,0.67,0.65,26.79,28.98,27.63,27.43,22.56,22.83,0.2,0.07,0.16,0.17,0.37,0.41,0.64,0.74,0.66,0.67,0.53,0.51
534491,36.5977,126.6551,0.43,0.18,0.35,0.36,0.68,0.67,29.46,32.03,30.49,30.43,24.32,24.24,0.18,0.04,0.13,0.13,0.37,0.43,0.53,0.62,0.53,0.53,0.41,0.41
534492,36.6533,126.668,0.4,0.2,0.32,0.32,0.7,0.68,29.21,31.29,30.25,30.22,23.49,23.57,0.16,0.04,0.11,0.11,0.37,0.43,0.61,0.65,0.61,0.61,0.48,0.49
534501,36.1072,127.4907,0.45,0.18,0.32,0.35,0.71,0.71,26.21,28.85,27.78,27.5,21.09,20.86,0.2,0.04,0.11,0.13,0.4,0.46,0.51,0.64,0.59,0.6,0.45,0.45
534502,36.4552,126.8049,0.43,0.14,0.3,0.32,0.72,0.7,27.52,30.19,29.11,28.88,21.53,21.74,0.18,0.02,0.09,0.11,0.42,0.48,0.44,0.55,0.5,0.5,0.38,0.38
534503,36.415,126.9454,0.43,0.16,0.31,0.32,0.72,0.69,31.63,34.65,33.36,33.2,24.62,25.29,0.19,0.03,0.1,0.11,0.44,0.49,0.64,0.79,0.69,0.7,0.51,0.51
534510,36.287,127.2379,0.47,0.18,0.32,0.34,0.68,0.67,28.45,31.71,30.49,30.26,23.75,24.01,0.22,0.03,0.11,0.12,0.39,0.45,0.52,0.65,0.59,0.6,0.43,0.43
541111,36.5925,127.2921,0.42,0.21,0.34,0.34,0.66,0.64,26.86,28.93,27.85,27.8,22.42,22.84,0.18,0.05,0.12,0.12,0.36,0.4,0.5,0.59,0.53,0.53,0.41,0.41
541112,36.5119,127.2472,0.42,0.22,0.33,0.35,0.65,0.62,27.72,29.74,28.77,28.64,23.33,23.95,0.17,0.05,0.11,0.12,0.36,0.41,0.54,0.64,0.57,0.57,0.46,0.47
541113,36.4761,127.2514,0.44,0.23,0.33,0.34,0.67,0.64,25.52,27.68,26.8,26.74,21.46,21.76,0.19,0.05,0.11,0.12,0.36,0.41,0.62,0.76,0.7,0.69,0.53,0.54
541114,36.527,127.3703,0.45,0.21,0.41,0.42,0.7,0.69,30.47,33.35,31.08,30.97,24.43,24.81,0.2,0.05,0.17,0.18,0.43,0.47,0.6,0.74,0.61,0.61,0.45,0.44
632121,37.3528,127.9475,0.43,0.24,0.25,0.28,0.53,0.52,23.98,25.74,25.69,25.51,22.55,22.67,0.18,0.06,0.07,0.08,0.26,0.31,0.58,0.67,0.67,0.66,0.48,0.48
632122,37.3356,127.9771,0.48,0.18,0.3,0.31,0.61,0.61,24.8,27.74,26.89,26.83,22.54,22.46,0.23,0.04,0.1,0.1,0.31,0.35,0.43,0.58,0.54,0.53,0.39,0.39
632124,37.3128,127.8173,0.51,0.3,0.4,0.4,0.65,0.63,20.97,23.24,22.32,22.27,18.66,18.83,0.26,0.09,0.16,0.17,0.35,0.38,0.44,0.58,0.51,0.51,0.38,0.38
632126,37.3723,127.8751,0.52,0.29,0.34,0.34,0.68,0.68,24.25,27.06,26.65,26.63,21.06,20.68,0.27,0.09,0.12,0.12,0.37,0.43,0.53,0.62,0.59,0.59,0.42,0.43
632132,37.76,128.903,0.47,0.23,0.31,0.34,0.73,0.73,27.24,30.0,29.37,29.03,21.48,21.26,0.22,0.06,0.1,0.12,0.42,0.5,0.54,0.64,0.62,0.63,0.46,0.47
632151,37.525,129.1145,0.42,0.34,0.37,0.38,0.7,0.63,36.24,37.57,37.16,36.93,29.97,31.11,0.18,0.12,0.14,0.15,0.33,0.38,0.71,0.79,0.81,0.82,0.59,0.63
632161,37.4426,129.1684,0.4,0.25,0.32,0.34,0.7,0.68,24.18,25.55,25.01,24.8,19.74,19.58,0.16,0.06,0.1,0.12,0.33,0.39,0.67,0.73,0.69,0.69,0.55,0.55
632171,37.3607,128.389,0.48,0.14,0.29,0.3,0.65,0.64,21.28,24.01,23.18,23.14,18.55,18.74,0.23,0.02,0.09,0.09,0.36,0.39,0.49,0.76,0.63,0.62,0.45,0.45
632372,37.3797,128.6616,0.55,0.12,0.31,0.32,0.67,0.67,28.1,33.35,31.95,31.79,25.21,24.93,0.3,0.02,0.1,0.11,0.37,0.42,0.52,0.89,0.71,0.72,0.48,0.48
632432,37.4899,127.9829,0.48,0.29,0.37,0.38,0.67,0.68,21.77,23.77,23.04,22.98,18.61,18.3,0.23,0.08,0.14,0.15,0.39,0.45,0.6,0.8,0.7,0.69,0.49,0.47
632441,38.3811,128.4637,0.39,0.23,0.32,0.35,0.72,0.69,30.62,32.38,31.58,31.19,24.08,24.15,0.15,0.06,0.11,0.13,0.37,0.44,0.73,0.86,0.83,0.84,0.57,0.58
632451,38.075,128.6184,0.44,0.24,0.3,0.32,0.7,0.68,25.8,27.96,27.45,27.33,21.37,21.29,0.2,0.06,0.1,0.11,0.35,0.4,0.77,0.94,0.91,0.93,0.66,0.68
632461,38.2069,128.5882,0.41,0.25,0.32,0.34,0.75,0.75,36.57,38.72,37.97,37.68,27.59,26.88,0.17,0.07,0.11,0.12,0.41,0.48,0.82,0.96,0.95,0.97,0.7,0.68
632472,38.1471,127.3125,0.48,0.17,0.28,0.3,0.6,0.56,28.46,31.86,31.08,30.85,26.05,26.89,0.23,0.03,0.08,0.09,0.3,0.32,0.52,0.72,0.66,0.64,0.49,0.5
632481,37.6838,127.8803,0.48,0.21,0.33,0.37,0.65,0.65,25.54,28.56,27.52,27.15,22.46,22.25,0.23,0.04,0.11,0.14,0.34,0.38,0.51,0.79,0.66,0.64,0.48,0.49
632491,37.174,128.4625,0.42,0.15,0.27,0.28,0.68,0.7,23.66,25.81,25.15,25.07,19.47,18.69,0.18,0.02,0.08,0.09,0.37,0.44,0.45,0.57,0.53,0.52,0.38,0.38
632501,38.1064,127.7084,0.5,0.24,0.31,0.32,0.66,0.68,25.34,28.35,27.82,27.64,22.17,21.48,0.25,0.06,0.09,0.11,0.36,0.42,0.7,1.04,0.96,0.94,0.68,0.67
632511,37.1629,128.9867,0.45,0.19,0.21,0.22,0.69,0.69,26.84,29.42,29.29,29.21,22.24,21.81,0.2,0.04,0.05,0.05,0.36,0.42,0.93,1.24,1.2,1.21,0.74,0.73
632521,38.0602,128.1668,0.47,0.17,0.29,0.32,0.63,0.61,26.66,29.76,28.95,28.58,23.68,24.06,0.22,0.03,0.08,0.11,0.32,0.34,0.59,0.89,0.82,0.8,0.56,0.54
633122,36.9646,127.9262,0.44,0.1,0.27,0.27,0.66,0.61,30.8,34.05,32.98,32.94,26.06,27.06,0.19,0.01,0.08,0.08,0.36,0.39,0.5,0.63,0.57,0.57,0.43,0.43
633123,36.9821,127.9192,0.43,0.19,0.3,0.29,0.68,0.66,27.48,29.87,29.07,29.09,22.66,22.84,0.18,0.04,0.09,0.09,0.39,0.42,0.47,0.56,0.51,0.52,0.38,0.39
633124,37.0165,127.8227,0.43,0.21,0.28,0.29,0.66,0.65,26.55,28.81,28.25,28.24,22.48,22.3,0.19,0.05,0.08,0.09,0.36,0.42,0.49,0.57,0.54,0.54,0.41,0.41
633125,36.9052,127.9641,0.44,0.21,0.32,0.32,0.66,0.65,25.46,27.74,26.83,26.83,21.54,21.5,0.19,0.04,0.11,0.11,0.37,0.42,0.53,0.66,0.59,0.59,0.45,0.45
633131,37.1451,128.2207,0.38,0.19,0.3,0.3,0.7,0.71,32.91,34.99,33.98,34.04,25.96,25.01,0.15,0.04,0.1,0.09,0.4,0.49,0.53,0.59,0.55,0.55,0.37,0.37
633132,37.1241,128.2006,0.42,0.23,0.36,0.36,0.73,0.75,33.17,35.52,34.09,34.1,25.61,24.2,0.17,0.05,0.13,0.13,0.42,0.52,0.58,0.67,0.6,0.6,0.41,0.4
633133,37.0002,128.1677,0.4,0.13,0.22,0.22,0.68,0.66,27.92,30.25,29.76,29.79,22.76,22.83,0.16,0.02,0.05,0.05,0.38,0.42,0.53,0.62,0.6,0.6,0.44,0.44
633211,36.7134,127.4172,0.44,0.18,0.33,0.33,0.65,0.59,32.22,35.34,33.95,33.95,27.81,29.12,0.19,0.03,0.11,0.11,0.32,0.34,0.55,0.73,0.63,0.63,0.48,0.49
633213,36.6137,127.4674,0.46,0.19,0.35,0.35,0.64,0.61,27.79,30.75,29.31,29.32,24.38,24.93,0.21,0.04,0.13,0.13,0.34,0.38,0.49,0.66,0.55,0.55,0.44,0.44
633214,36.6325,127.3251,0.43,0.21,0.34,0.34,0.68,0.65,31.93,34.5,33.18,33.19,26.31,26.83,0.18,0.05,0.12,0.12,0.38,0.42,0.53,0.62,0.56,0.56,0.41,0.42
633215,36.5536,127.5485,0.44,0.14,0.29,0.29,0.65,0.62,29.12,32.18,31.06,31.07,24.95,25.44,0.2,0.02,0.09,0.09,0.34,0.39,0.49,0.64,0.57,0.57,0.42,0.43
633311,37.0334,128.2957,0.28,0.14,0.38,0.39,0.69,0.67,45.73,47.21,44.17,43.9,34.64,35.44,0.08,0.02,0.14,0.16,0.42,0.45,0.76,0.81,0.71,0.7,0.49,0.49
633312,36.9392,128.3207,0.38,0.12,0.21,0.21,0.63,0.61,24.63,26.41,26.01,26.01,20.82,21.16,0.14,0.02,0.05,0.05,0.34,0.38,0.46,0.54,0.53,0.53,0.41,0.42
633313,36.9872,128.3656,0.36,0.09,0.26,0.27,0.66,0.63,32.42,34.65,33.58,33.5,26.66,27.09,0.13,0.01,0.07,0.08,0.34,0.38,0.62,0.78,0.7,0.68,0.53,0.55
633362,36.8075,127.7893,0.45,0.23,0.27,0.26,0.61,0.57,21.3,23.21,23.01,23.03,19.1,19.65,0.2,0.06,0.07,0.07,0.31,0.34,0.52,0.59,0.57,0.57,0.44,0.44
633363,36.8369,127.8745,0.41,0.16,0.26,0.27,0.68,0.66,31.4,34.08,33.27,33.22,25.57,25.88,0.17,0.03,0.07,0.08,0.38,0.42,0.61,0.75,0.69,0.69,0.52,0.53
